HPV11REF	M14119	100.000	368	0	0	1	368	1	368	0.0	775
HPV11REF	M14119	100.000	368	0	0	375	742	1	368	0.0	775
HPV11REF	X00203	77.297	370	81	2	1	368	1	369	0.0	608
HPV11REF	X00203	77.297	370	81	2	375	742	1	369	0.0	608
HPV11REF	AF436130	65.013	383	118	3	1	368	1	382	3.16e-178	509
HPV11REF	AF436130	65.013	383	118	3	375	742	1	382	3.16e-178	509
HPV11REF	X62843	65.344	378	121	2	1	368	1	378	1.58e-169	487
HPV11REF	X62843	65.344	378	121	2	375	742	1	378	1.58e-169	487
HPV11REF	U31788	63.158	380	126	4	1	368	1	378	9.48e-166	477
HPV11REF	U31788	63.158	380	126	4	375	742	1	378	9.48e-166	477
HPV11REF	X62844	63.852	379	125	3	1	368	1	378	5.23e-164	473
HPV11REF	X62844	63.852	379	125	3	375	742	1	378	5.23e-164	473
HPV11REF	AF419318	53.887	373	159	8	1	364	1	369	5.29e-127	378
HPV11REF	AF419318	53.887	373	159	8	375	738	1	369	5.29e-127	378
HPV11REF	X74478	50.541	370	176	3	1	364	1	369	1.40e-122	366
HPV11REF	X74478	50.541	370	176	3	375	738	1	369	1.40e-122	366
HPV11REF	NC_001595	48.533	375	181	4	1	364	1	374	1.69e-117	353
HPV11REF	NC_001595	48.533	375	181	4	375	738	1	374	1.69e-117	353
HPV11REF	NC_001676	50.806	372	170	6	1	364	1	367	2.10e-116	350
HPV11REF	NC_001676	50.806	372	170	6	375	738	1	367	2.10e-116	350
HPV11REF	M73236	46.717	396	177	8	1	364	1	394	4.61e-113	343
HPV11REF	M73236	46.717	396	177	8	375	738	1	394	4.61e-113	343
HPV11REF	NC_001586	46.684	392	179	10	1	364	1	390	3.53e-111	338
HPV11REF	NC_001586	46.684	392	179	10	375	738	1	390	3.53e-111	338
HPV11REF	EF558838	48.108	370	179	7	374	738	6	367	2.69e-107	327
HPV11REF	EF558838	48.238	369	178	7	1	364	7	367	3.78e-107	326
HPV11REF	AJ620205	50.538	372	174	7	1	364	1	370	4.30e-107	326
HPV11REF	AJ620205	50.538	372	174	7	375	738	1	370	4.30e-107	326
HPV11REF	EF558842	48.485	363	182	3	2	364	7	364	8.49e-107	325
HPV11REF	EF558842	48.485	363	182	3	376	738	7	364	8.49e-107	325
HPV11REF	NC_001694	46.174	379	188	6	1	364	3	380	6.80e-103	316
HPV11REF	NC_001694	46.174	379	188	6	375	738	3	380	6.80e-103	316
HPV11REF	X94164	46.615	384	181	8	1	364	3	382	4.08e-101	311
HPV11REF	X94164	46.615	384	181	8	375	738	3	382	4.08e-101	311
HPV11REF	KT944080	44.474	371	189	6	374	738	1	360	7.07e-100	307
HPV11REF	KT944080	44.595	370	188	6	1	364	2	360	8.83e-100	307
HPV11REF	EU490515	43.666	371	194	6	374	738	1	362	2.40e-99	306
HPV11REF	EU490515	43.784	370	193	6	1	364	2	362	2.97e-99	305
HPV11REF	EF558840	45.553	371	188	8	374	738	1	363	2.71e-98	303
HPV11REF	EF558840	45.676	370	187	8	1	364	2	363	3.35e-98	303
HPV11REF	AJ620209	45.478	387	181	8	1	366	1	378	4.84e-98	303
HPV11REF	AJ620209	45.478	387	181	8	375	740	1	378	4.84e-98	303
HPV11REF	GQ227670	46.070	369	185	8	374	738	5	363	8.43e-98	301
HPV11REF	GQ227670	46.196	368	184	8	1	364	6	363	1.42e-97	301
HPV11REF	EF558839	45.257	369	188	7	1	364	1	360	4.91e-97	300
HPV11REF	EF558839	45.257	369	188	7	375	738	1	360	4.91e-97	300
HPV11REF	AF151983	43.536	379	198	5	1	364	1	378	5.55e-97	300
HPV11REF	AF151983	43.536	379	198	5	375	738	1	378	5.55e-97	300
HPV11REF	AY395706	44.474	380	192	10	1	364	1	377	1.94e-96	299
HPV11REF	AY395706	44.474	380	192	10	375	738	1	377	1.94e-96	299
HPV11REF	EF558843	43.548	372	193	7	374	738	1	362	2.80e-96	298
HPV11REF	EF558843	43.666	371	192	7	1	364	2	362	3.39e-96	297
HPV11REF	D21208	44.800	375	189	7	1	364	1	368	3.93e-96	298
HPV11REF	D21208	44.800	375	189	7	375	738	1	368	3.93e-96	298
HPV11REF	AJ400628	45.845	373	193	5	1	364	1	373	1.52e-95	296
HPV11REF	AJ400628	45.845	373	193	5	375	738	1	373	1.52e-95	296
HPV11REF	J04353	45.187	374	193	5	1	364	1	372	4.89e-95	295
HPV11REF	J04353	45.187	374	193	5	375	738	1	372	4.89e-95	295
HPV11REF	NC_001678	43.432	373	196	5	374	738	1	366	7.10e-95	294
HPV11REF	NC_001678	43.548	372	195	5	1	364	2	366	8.78e-95	294
HPV11REF	NC_017716	43.784	370	193	6	1	364	1	361	1.01e-94	293
HPV11REF	NC_017716	43.784	370	193	6	375	738	1	361	1.01e-94	293
HPV11REF	DQ080083	42.857	378	202	5	1	364	1	378	2.95e-94	293
HPV11REF	DQ080083	42.857	378	202	5	375	738	1	378	2.95e-94	293
HPV11REF	GQ244463	44.327	379	196	7	1	364	1	379	4.45e-94	293
HPV11REF	GQ244463	44.327	379	196	7	375	738	1	379	4.45e-94	293
HPV11REF	X74477	43.631	369	202	3	374	738	1	367	1.05e-93	291
HPV11REF	X74477	43.750	368	201	3	1	364	2	367	1.35e-93	291
HPV11REF	K02718	46.092	371	187	7	1	364	1	365	1.09e-93	291
HPV11REF	K02718	46.092	371	187	7	375	738	1	365	1.09e-93	291
HPV11REF	X74481	44.474	371	196	5	1	364	1	368	1.20e-93	291
HPV11REF	X74481	44.474	371	196	5	375	738	1	368	1.20e-93	291
HPV11REF	M12732	43.280	372	184	7	1	364	1	353	5.72e-93	289
HPV11REF	M12732	43.280	372	184	7	375	738	1	353	5.72e-93	289
HPV11REF	AF436128	44.619	381	192	8	1	366	1	377	9.81e-93	289
HPV11REF	AF436128	44.619	381	192	8	375	740	1	377	9.81e-93	289
HPV11REF	MF588676	44.156	385	192	9	1	366	1	381	4.39e-92	287
HPV11REF	MF588676	44.156	385	192	9	375	740	1	381	4.39e-92	287
HPV11REF	AB745694	44.330	388	173	11	1	364	1	369	7.83e-92	286
HPV11REF	AB745694	44.330	388	173	11	375	738	1	369	7.83e-92	286
HPV11REF	D90400	41.667	372	195	5	1	364	1	358	1.58e-91	285
HPV11REF	D90400	41.667	372	195	5	375	738	1	358	1.58e-91	285
HPV11REF	NC_001587	42.623	366	188	5	374	738	1	345	4.08e-91	283
HPV11REF	NC_001587	42.740	365	187	5	1	364	2	345	4.73e-91	283
HPV11REF	Y15175	42.821	390	192	7	1	364	1	385	2.20e-90	283
HPV11REF	Y15175	42.821	390	192	7	375	738	1	385	2.20e-90	283
HPV11REF	X94165	45.405	370	177	8	374	738	1	350	2.54e-90	281
HPV11REF	X94165	45.528	369	176	8	1	364	2	350	3.13e-90	281
HPV11REF	EF558841	41.398	372	201	5	1	364	6	368	7.62e-90	281
HPV11REF	EF558841	41.398	372	201	5	375	738	6	368	7.62e-90	281
HPV11REF	U21941	43.052	367	196	8	374	738	5	360	9.97e-90	280
HPV11REF	U21941	43.169	366	195	8	1	364	6	360	1.21e-89	280
HPV11REF	NC_023496	39.130	391	204	8	1	364	1	384	4.33e-89	280
HPV11REF	NC_023496	39.130	391	204	8	375	738	1	384	4.33e-89	280
HPV11REF	NC_001583	41.645	377	205	5	1	364	1	375	5.63e-89	279
HPV11REF	NC_001583	41.645	377	205	5	375	738	1	375	5.63e-89	279
HPV11REF	NC_012652	41.370	365	209	4	374	738	1	360	8.69e-89	278
HPV11REF	NC_012652	41.484	364	208	4	1	364	2	360	1.05e-88	278
HPV11REF	GQ246950	41.026	390	195	8	1	364	1	381	9.08e-89	279
HPV11REF	GQ246950	41.026	390	195	8	375	738	1	381	9.08e-89	279
HPV11REF	M62849	41.304	368	211	5	374	738	5	370	1.00e-88	278
HPV11REF	M62849	41.417	367	210	5	1	364	6	370	1.29e-88	278
HPV11REF	DQ080079	41.734	369	208	6	374	738	5	370	1.48e-88	278
HPV11REF	DQ080079	41.848	368	207	6	1	364	6	370	1.98e-88	277
HPV11REF	AF131950	41.039	385	199	7	374	738	1	377	1.87e-88	278
HPV11REF	AF131950	41.146	384	198	7	1	364	2	377	2.19e-88	278
HPV11REF	AF293960	42.706	377	201	6	1	364	1	375	2.03e-88	278
HPV11REF	AF293960	42.706	377	201	6	375	738	1	375	2.03e-88	278
HPV11REF	AF349909	42.473	372	206	4	1	364	1	372	3.96e-88	277
HPV11REF	AF349909	42.473	372	206	4	375	738	1	372	3.96e-88	277
HPV11REF	X77858	41.732	381	190	6	1	364	5	370	4.76e-88	276
HPV11REF	X77858	41.732	381	190	6	375	738	5	370	4.76e-88	276
HPV11REF	NC_001352	41.026	390	201	7	1	363	1	388	4.95e-88	277
HPV11REF	NC_001352	41.026	390	201	7	375	737	1	388	4.95e-88	277
HPV11REF	AJ620211	41.995	381	198	7	1	364	3	377	6.02e-88	276
HPV11REF	AJ620211	41.995	381	198	7	375	738	3	377	6.02e-88	276
HPV11REF	X55965	41.514	383	201	7	1	363	1	380	1.22e-87	276
HPV11REF	X55965	41.514	383	201	7	375	737	1	380	1.22e-87	276
HPV11REF	NC_001576	42.708	384	191	7	1	364	1	375	1.84e-87	275
HPV11REF	NC_001576	42.708	384	191	7	375	738	1	375	1.84e-87	275
HPV11REF	AB027020	42.175	377	196	9	1	364	1	368	3.65e-87	274
HPV11REF	AB027020	42.175	377	196	9	375	738	1	368	3.65e-87	274
HPV11REF	KP861980	38.929	411	203	9	1	364	1	410	9.13e-87	275
HPV11REF	KP861980	38.929	411	203	9	375	738	1	410	9.13e-87	275
HPV11REF	U31783	42.487	386	192	9	1	366	1	376	1.14e-86	273
HPV11REF	U31783	42.487	386	192	9	375	740	1	376	1.14e-86	273
HPV11REF	X74474	42.440	377	200	5	1	363	1	374	1.39e-86	273
HPV11REF	X74474	42.440	377	200	5	375	737	1	374	1.39e-86	273
HPV11REF	FN547152	42.188	384	193	10	1	364	1	375	2.73e-86	272
HPV11REF	FN547152	42.188	384	193	10	375	738	1	375	2.73e-86	272
HPV11REF	KC138720	41.146	384	198	7	1	364	1	376	3.44e-86	272
HPV11REF	KC138720	41.146	384	198	7	375	738	1	376	3.44e-86	272
HPV11REF	U31784	41.221	393	196	8	1	364	1	387	1.92e-85	270
HPV11REF	U31784	41.221	393	196	8	375	738	1	387	1.92e-85	270
HPV11REF	U31794	41.734	369	207	6	1	363	1	367	2.59e-85	269
HPV11REF	U31794	41.734	369	207	6	375	737	1	367	2.59e-85	269
HPV11REF	JF304767	39.183	416	195	9	1	362	1	412	2.73e-85	271
HPV11REF	JF304767	39.183	416	195	9	375	736	1	412	2.73e-85	271
HPV11REF	M62877	40.761	368	204	6	1	364	1	358	2.91e-85	269
HPV11REF	M62877	40.761	368	204	6	375	738	1	358	2.91e-85	269
HPV11REF	AB040456	42.448	384	199	7	1	364	1	382	6.83e-85	268
HPV11REF	AB040456	42.448	384	199	7	375	738	1	382	6.83e-85	268
HPV11REF	X74462	40.979	388	198	8	1	364	1	381	1.72e-84	268
HPV11REF	X74462	40.979	388	198	8	375	738	1	381	1.72e-84	268
HPV11REF	X74479	40.761	368	206	8	2	364	8	368	2.54e-84	266
HPV11REF	X74479	40.761	368	206	8	376	738	8	368	2.54e-84	266
HPV11REF	GU014532	40.365	384	207	6	1	364	1	382	2.91e-84	267
HPV11REF	GU014532	40.365	384	207	6	375	738	1	382	2.91e-84	267
HPV11REF	NC_001593	39.386	391	198	5	1	363	1	380	1.04e-83	265
HPV11REF	NC_001593	39.386	391	198	5	375	737	1	380	1.04e-83	265
HPV11REF	X74473	39.589	389	205	6	1	363	1	385	1.65e-83	265
HPV11REF	X74473	39.589	389	205	6	375	737	1	385	1.65e-83	265
HPV11REF	DQ080082	40.464	388	200	7	1	364	1	381	8.39e-83	263
HPV11REF	DQ080082	40.464	388	200	7	375	738	1	381	8.39e-83	263
HPV11REF	NC_004104	39.276	387	203	7	1	364	1	378	2.33e-82	262
HPV11REF	NC_004104	39.276	387	203	7	375	738	1	378	2.33e-82	262
HPV11REF	DQ080080	40.374	374	198	9	2	364	8	367	3.44e-82	261
HPV11REF	DQ080080	40.374	374	198	9	376	738	8	367	3.44e-82	261
HPV11REF	X74483	42.627	373	202	9	1	364	1	370	6.24e-81	258
HPV11REF	X74483	42.627	373	202	9	375	738	1	370	6.24e-81	258
HPV11REF	X05015	38.275	371	210	8	2	364	6	365	1.44e-80	256
HPV11REF	X05015	38.275	371	210	8	376	738	6	365	1.44e-80	256
HPV11REF	JF304766	37.221	403	209	9	1	362	1	400	8.01e-80	256
HPV11REF	JF304766	37.221	403	209	9	375	736	1	400	8.01e-80	256
HPV11REF	AB027021	38.859	368	212	6	1	364	1	359	6.35e-78	249
HPV11REF	AB027021	38.859	368	212	6	375	738	1	359	6.35e-78	249
HPV11REF	KT932713	34.878	410	219	5	1	362	1	410	2.91e-76	247
HPV11REF	KT932713	34.878	410	219	5	375	736	1	410	2.91e-76	247
HPV11REF	KU519393	35.437	412	217	5	1	364	1	411	6.05e-73	238
HPV11REF	KU519393	35.437	412	217	5	375	738	1	411	6.05e-73	238
HPV11REF	NC_013237	35.385	390	215	8	1	360	1	383	2.12e-72	236
HPV11REF	NC_013237	35.385	390	215	8	375	734	1	383	2.12e-72	236
HPV11REF	NC_007150	34.688	369	233	5	1	362	1	368	6.47e-72	234
HPV11REF	NC_007150	34.688	369	233	5	375	736	1	368	6.47e-72	234
HPV11REF	NC_023873	34.853	373	232	5	1	363	1	372	4.26e-70	229
HPV11REF	NC_023873	34.853	373	232	5	375	737	1	372	4.26e-70	229
HPV11REF	NC_004765	35.509	383	217	6	1	360	1	376	4.97e-70	229
HPV11REF	NC_004765	35.509	383	217	6	375	734	1	376	4.97e-70	229
HPV11REF	KC460987	36.740	362	216	7	1	355	1	356	1.05e-69	228
HPV11REF	KC460987	36.740	362	216	7	375	729	1	356	1.05e-69	228
HPV11REF	JQ814847	35.753	372	216	10	1	364	1	357	5.44e-69	225
HPV11REF	JQ814847	35.753	372	216	10	375	738	1	357	5.44e-69	225
HPV11REF	MF588696	35.279	394	213	6	1	360	1	386	2.77e-67	222
HPV11REF	MF588696	35.279	394	213	6	375	734	1	386	2.77e-67	222
HPV11REF	MF588684	32.381	420	216	8	1	352	1	420	3.48e-67	223
HPV11REF	MF588684	32.381	420	216	8	375	726	1	420	3.48e-67	223
HPV11REF	MF588703	33.668	398	223	9	1	360	1	395	3.49e-66	219
HPV11REF	MF588703	33.668	398	223	9	375	734	1	395	3.49e-66	219
HPV11REF	MF509819	33.681	383	231	6	1	360	1	383	4.05e-66	219
HPV11REF	MF509819	33.681	383	231	6	375	734	1	383	4.05e-66	219
HPV11REF	NC_014956	33.816	414	217	9	1	360	1	411	4.57e-66	219
HPV11REF	NC_014956	33.816	414	217	9	375	734	1	411	4.57e-66	219
HPV11REF	NC_002232	35.012	417	215	11	1	364	1	414	1.94e-65	218
HPV11REF	NC_002232	35.012	417	215	11	375	738	1	414	1.94e-65	218
HPV11REF	V01116	33.831	402	218	7	1	360	1	396	3.79e-65	216
HPV11REF	V01116	33.831	402	218	7	375	734	1	396	3.79e-65	216
HPV11REF	KC858266	32.124	386	231	8	1	355	1	386	9.55e-65	215
HPV11REF	KC858266	32.124	386	231	8	375	729	1	386	9.55e-65	215
HPV11REF	KP769769	33.763	388	228	6	1	362	1	385	1.44e-64	214
HPV11REF	KP769769	33.763	388	228	6	375	736	1	385	1.44e-64	214
HPV11REF	MG813996	33.850	387	213	7	1	352	1	379	2.20e-64	214
HPV11REF	MG813996	33.850	387	213	7	375	726	1	379	2.20e-64	214
HPV11REF	MF327538	33.162	389	217	8	1	360	1	375	2.53e-64	214
HPV11REF	MF327538	33.162	389	217	8	375	734	1	375	2.53e-64	214
HPV11REF	NC_008189	33.418	392	225	9	1	360	1	388	7.89e-64	213
HPV11REF	NC_008189	33.418	392	225	9	375	734	1	388	7.89e-64	213
HPV11REF	NC_015325	32.346	405	226	7	371	738	1	394	9.16e-64	213
HPV11REF	NC_015325	32.419	401	223	7	1	364	5	394	7.37e-63	210
HPV11REF	DQ180494	34.293	382	226	7	1	362	1	377	1.41e-63	211
HPV11REF	DQ180494	34.293	382	226	7	375	736	1	377	1.41e-63	211
HPV11REF	NC_001458	36.031	383	206	10	1	347	1	380	3.40e-63	211
HPV11REF	NC_001458	36.031	383	206	10	375	721	1	380	3.40e-63	211
HPV11REF	KY780961	32.338	402	224	8	1	360	1	396	4.70e-63	211
HPV11REF	KY780961	32.338	402	224	8	375	734	1	396	4.70e-63	211
HPV11REF	NC_016013	33.962	371	209	7	1	355	1	351	8.53e-63	209
HPV11REF	NC_016013	33.962	371	209	7	375	729	1	351	8.53e-63	209
HPV11REF	MG571090	33.990	406	222	10	1	364	1	402	1.76e-62	209
HPV11REF	MG571090	33.990	406	222	10	375	738	1	402	1.76e-62	209
HPV11REF	HM999990	33.985	409	217	10	1	363	1	402	1.99e-62	209
HPV11REF	HM999990	33.985	409	217	10	375	737	1	402	1.99e-62	209
HPV11REF	MF588714	32.115	383	234	7	4	362	6	386	2.78e-62	208
HPV11REF	MF588714	32.115	383	234	7	378	736	6	386	2.78e-62	208
HPV11REF	KX781282	33.172	413	220	10	1	360	1	410	4.87e-62	208
HPV11REF	KX781282	33.172	413	220	10	375	734	1	410	4.87e-62	208
HPV11REF	MF588758	32.918	401	227	7	1	362	1	398	5.01e-62	208
HPV11REF	MF588758	32.918	401	227	7	375	736	1	398	5.01e-62	208
HPV11REF	JX413110	33.584	399	226	7	1	360	1	399	6.50e-62	208
HPV11REF	JX413110	33.584	399	226	7	375	734	1	399	6.50e-62	208
HPV11REF	NC_001541	31.186	388	236	7	1	360	1	385	9.04e-62	207
HPV11REF	NC_001541	31.186	388	236	7	375	734	1	385	9.04e-62	207
HPV11REF	NC_018575	32.533	375	235	8	1	360	1	372	1.44e-61	206
HPV11REF	NC_018575	32.533	375	235	8	375	734	1	372	1.44e-61	206
HPV11REF	NC_016157	31.701	388	235	7	4	362	6	392	1.55e-61	206
HPV11REF	NC_016157	31.701	388	235	7	378	736	6	392	1.55e-61	206
HPV11REF	MF588715	34.031	382	225	6	4	360	6	385	3.17e-61	206
HPV11REF	MF588715	34.031	382	225	6	378	734	6	385	3.17e-61	206
HPV11REF	JX123128	31.714	391	231	8	2	363	4	387	4.40e-61	205
HPV11REF	JX123128	31.714	391	231	8	376	737	4	387	4.40e-61	205
HPV11REF	MF588757	33.506	385	219	10	1	355	1	378	9.49e-61	204
HPV11REF	MF588757	33.506	385	219	10	375	729	1	378	9.49e-61	204
HPV11REF	MF356498	34.925	398	227	10	373	742	5	398	1.22e-60	204
HPV11REF	MF356498	34.937	395	225	10	2	368	8	398	2.84e-60	203
HPV11REF	MF588690	32.124	386	236	7	4	364	6	390	1.47e-60	204
HPV11REF	MF588690	32.124	386	236	7	378	738	6	390	1.47e-60	204
HPV11REF	AY904723	33.075	387	215	8	1	360	1	370	1.81e-60	203
HPV11REF	AY904723	33.075	387	215	8	375	734	1	370	1.81e-60	203
HPV11REF	MF588754	33.416	401	233	10	373	742	2	399	2.40e-60	203
HPV11REF	MF588754	33.417	398	231	10	2	368	5	399	4.33e-60	202
HPV11REF	KR816174	33.085	402	227	8	371	738	4	397	2.52e-60	203
HPV11REF	KR816174	33.249	397	223	8	2	364	9	397	5.73e-60	202
HPV11REF	NC_008297	43.852	244	118	2	1	243	1	226	3.15e-60	206
HPV11REF	NC_008297	43.852	244	118	2	375	617	1	226	3.15e-60	206
HPV11REF	NC_008297	40.506	79	46	1	286	363	404	482	1.76e-14	70.9
HPV11REF	NC_008297	40.506	79	46	1	660	737	404	482	1.76e-14	70.9
HPV11REF	JF906559	33.005	406	220	10	1	360	1	400	4.18e-60	203
HPV11REF	JF906559	33.005	406	220	10	375	734	1	400	4.18e-60	203
HPV11REF	NC_001619	31.218	394	215	7	1	356	1	376	6.58e-60	202
HPV11REF	NC_001619	31.218	394	215	7	375	730	1	376	6.58e-60	202
HPV11REF	GU014531	43.304	224	126	1	1	223	1	224	1.64e-59	202
HPV11REF	GU014531	43.304	224	126	1	375	597	1	224	1.64e-59	202
HPV11REF	GU014531	29.851	134	88	3	237	364	321	454	3.43e-13	66.6
HPV11REF	GU014531	29.851	134	88	3	611	738	321	454	3.43e-13	66.6
HPV11REF	HG530535	35.038	391	208	12	4	352	6	392	1.84e-59	201
HPV11REF	HG530535	35.038	391	208	12	378	726	6	392	1.84e-59	201
HPV11REF	NC_011765	33.582	402	213	9	1	364	1	386	3.53e-59	200
HPV11REF	NC_011765	33.582	402	213	9	375	738	1	386	3.53e-59	200
HPV11REF	KX276956	31.592	402	234	7	1	364	1	399	4.77e-59	200
HPV11REF	KX276956	31.592	402	234	7	375	738	1	399	4.77e-59	200
HPV11REF	MF588699	33.933	389	217	10	1	352	1	386	4.77e-59	200
HPV11REF	MF588699	33.933	389	217	10	375	726	1	386	4.77e-59	200
HPV11REF	U31780	44.843	223	113	3	1	222	1	214	8.40e-59	200
HPV11REF	U31780	44.843	223	113	3	375	596	1	214	8.40e-59	200
HPV11REF	U31780	28.571	70	48	1	285	352	354	423	9.77e-09	52.4
HPV11REF	U31780	28.571	70	48	1	659	726	354	423	9.77e-09	52.4
HPV11REF	KP692118	33.419	389	216	10	4	352	6	391	8.80e-59	199
HPV11REF	KP692118	33.419	389	216	10	378	726	6	391	8.80e-59	199
HPV11REF	NC_008188	48.529	204	103	2	1	202	1	204	1.41e-58	198
HPV11REF	NC_008188	48.529	204	103	2	375	576	1	204	1.41e-58	198
HPV11REF	MG520499	33.501	397	224	10	1	360	1	394	1.61e-58	198
HPV11REF	MG520499	33.501	397	224	10	375	734	1	394	1.61e-58	198
HPV11REF	MF588688	31.941	407	226	9	373	742	2	394	2.07e-58	198
HPV11REF	MF588688	31.931	404	224	9	2	368	5	394	3.34e-58	197
HPV11REF	NC_008184	33.065	372	221	6	1	355	7	367	2.28e-58	197
HPV11REF	NC_008184	33.065	372	221	6	375	729	7	367	2.28e-58	197
HPV11REF	GQ845444	39.689	257	146	3	1	249	1	256	2.62e-58	199
HPV11REF	GQ845444	39.689	257	146	3	375	623	1	256	2.62e-58	199
HPV11REF	GQ845444	26.852	108	76	2	257	362	341	447	1.91e-11	61.2
HPV11REF	GQ845444	26.852	108	76	2	631	736	341	447	1.91e-11	61.2
HPV11REF	NC_012485	32.170	401	230	7	1	360	2	401	3.12e-58	198
HPV11REF	NC_012485	32.170	401	230	7	375	734	2	401	3.12e-58	198
HPV11REF	MF588720	33.418	395	209	13	373	726	2	383	4.06e-58	197
HPV11REF	MF588720	33.418	392	207	13	2	352	5	383	6.88e-58	197
HPV11REF	GQ845442	41.833	251	122	3	1	247	1	231	4.26e-58	198
HPV11REF	GQ845442	41.833	251	122	3	375	621	1	231	4.26e-58	198
HPV11REF	GQ845442	27.143	70	49	1	285	352	348	417	1.06e-07	48.9
HPV11REF	GQ845442	27.143	70	49	1	659	726	348	417	1.06e-07	48.9
HPV11REF	GQ845441	35.696	381	214	10	373	726	3	379	4.28e-58	197
HPV11REF	GQ845441	35.714	378	212	10	2	352	6	379	9.22e-58	196
HPV11REF	FN677756	42.152	223	127	2	1	222	1	222	5.03e-58	198
HPV11REF	FN677756	42.152	223	127	2	375	596	1	222	5.03e-58	198
HPV11REF	FN677756	32.051	78	51	1	285	360	355	432	3.08e-09	53.9
HPV11REF	FN677756	32.051	78	51	1	659	734	355	432	3.08e-09	53.9
HPV11REF	KU519391	46.479	213	114	0	1	213	1	213	6.61e-58	199
HPV11REF	KU519391	46.479	213	114	0	375	587	1	213	6.61e-58	199
HPV11REF	KU519391	36.905	84	53	0	280	363	394	477	6.54e-13	65.9
HPV11REF	KU519391	36.905	84	53	0	654	737	394	477	6.54e-13	65.9
HPV11REF	HM999993	31.606	386	239	5	2	362	4	389	6.81e-58	196
HPV11REF	HM999993	31.606	386	239	5	376	736	4	389	6.81e-58	196
HPV11REF	KX781281	31.951	410	222	9	1	360	1	403	8.90e-58	197
HPV11REF	KX781281	31.951	410	222	9	375	734	1	403	8.90e-58	197
HPV11REF	KP205503	46.117	206	110	1	1	205	1	206	1.09e-57	199
HPV11REF	KP205503	46.117	206	110	1	375	579	1	206	1.09e-57	199
HPV11REF	KP205503	34.940	83	50	2	284	364	441	521	9.17e-10	55.8
HPV11REF	KP205503	34.940	83	50	2	658	738	441	521	9.17e-10	55.8
HPV11REF	FM955842	43.290	231	128	3	1	228	1	231	1.17e-57	197
HPV11REF	FM955842	43.290	231	128	3	375	602	1	231	1.17e-57	197
HPV11REF	FM955842	32.051	78	51	1	285	360	375	452	1.33e-11	61.6
HPV11REF	FM955842	32.051	78	51	1	659	734	375	452	1.33e-11	61.6
HPV11REF	MF588681	40.400	250	143	3	1	249	1	245	1.28e-57	197
HPV11REF	MF588681	40.400	250	143	3	375	623	1	245	1.28e-57	197
HPV11REF	MF588681	35.714	70	43	1	285	352	357	426	3.13e-11	60.5
HPV11REF	MF588681	35.714	70	43	1	659	726	357	426	3.13e-11	60.5
HPV11REF	U31781	42.169	249	126	4	1	248	1	232	1.35e-57	197
HPV11REF	U31781	42.169	249	126	4	375	622	1	232	1.35e-57	197
HPV11REF	U31781	30.000	70	47	1	285	352	349	418	6.00e-08	49.7
HPV11REF	U31781	30.000	70	47	1	659	726	349	418	6.00e-08	49.7
HPV11REF	JX899359	46.798	203	107	1	1	202	1	203	1.45e-57	199
HPV11REF	JX899359	46.798	203	107	1	375	576	1	203	1.45e-57	199
HPV11REF	JX899359	34.444	90	57	2	276	364	433	521	4.51e-10	57.0
HPV11REF	JX899359	34.444	90	57	2	650	738	433	521	4.51e-10	57.0
HPV11REF	KF857586	31.204	407	233	7	1	360	1	407	1.47e-57	196
HPV11REF	KF857586	31.204	407	233	7	375	734	1	407	1.47e-57	196
HPV11REF	HF930491	47.525	202	105	1	1	201	1	202	1.53e-57	197
HPV11REF	HF930491	47.525	202	105	1	375	575	1	202	1.53e-57	197
HPV11REF	HF930491	27.835	97	68	1	266	360	347	443	5.35e-12	62.8
HPV11REF	HF930491	27.835	97	68	1	640	734	347	443	5.35e-12	62.8
HPV11REF	KY705374	42.562	242	137	1	1	242	1	240	1.60e-57	197
HPV11REF	KY705374	42.562	242	137	1	375	616	1	240	1.60e-57	197
HPV11REF	KY705374	44.048	84	47	0	280	363	381	464	4.27e-14	69.7
HPV11REF	KY705374	44.048	84	47	0	654	737	381	464	4.27e-14	69.7
HPV11REF	MF588726	32.242	397	204	7	7	352	9	391	1.72e-57	196
HPV11REF	MF588726	32.242	397	204	7	381	726	9	391	1.72e-57	196
HPV11REF	NC_001693	32.918	401	224	9	4	363	6	402	1.83e-57	196
HPV11REF	NC_001693	32.918	401	224	9	378	737	6	402	1.83e-57	196
HPV11REF	HM999997	43.172	227	119	3	1	217	1	227	2.25e-57	196
HPV11REF	HM999997	43.172	227	119	3	375	591	1	227	2.25e-57	196
HPV11REF	HM999997	32.877	73	47	1	285	355	351	423	2.35e-11	60.8
HPV11REF	HM999997	32.877	73	47	1	659	729	351	423	2.35e-11	60.8
HPV11REF	NC_023178	30.288	416	233	8	1	360	1	415	2.59e-57	196
HPV11REF	NC_023178	30.288	416	233	8	375	734	1	415	2.59e-57	196
HPV11REF	AY904724	33.509	379	229	6	1	360	1	375	2.80e-57	194
HPV11REF	AY904724	33.509	379	229	6	375	734	1	375	2.80e-57	194
HPV11REF	MF588717	33.249	397	230	8	373	738	2	394	3.91e-57	194
HPV11REF	MF588717	33.249	394	228	8	2	364	5	394	7.24e-57	194
HPV11REF	JF966372	30.617	405	234	6	373	742	2	394	4.96e-57	194
HPV11REF	JF966372	30.597	402	232	6	2	368	5	394	7.65e-57	194
HPV11REF	KF006398	31.053	380	229	7	4	355	6	380	5.14e-57	194
HPV11REF	KF006398	31.053	380	229	7	378	729	6	380	5.14e-57	194
HPV11REF	GU117630	31.407	398	232	9	1	363	1	392	8.00e-57	194
HPV11REF	GU117630	31.407	398	232	9	375	737	1	392	8.00e-57	194
HPV11REF	Y15176	40.650	246	141	3	1	242	1	245	8.02e-57	196
HPV11REF	Y15176	40.650	246	141	3	375	616	1	245	8.02e-57	196
HPV11REF	Y15176	35.000	80	50	1	285	362	377	456	8.56e-13	65.5
HPV11REF	Y15176	35.000	80	50	1	659	736	377	456	8.56e-13	65.5
HPV11REF	FM955839	42.795	229	125	3	1	228	1	224	9.98e-57	195
HPV11REF	FM955839	42.795	229	125	3	375	602	1	224	9.98e-57	195
HPV11REF	FM955839	34.286	70	44	1	285	352	358	427	7.58e-11	59.3
HPV11REF	FM955839	34.286	70	44	1	659	726	358	427	7.58e-11	59.3
HPV11REF	JF966374	32.808	381	230	6	4	360	6	384	1.03e-56	193
HPV11REF	JF966374	32.808	381	230	6	378	734	6	384	1.03e-56	193
HPV11REF	KC108722	31.139	395	233	9	1	363	1	388	1.34e-56	193
HPV11REF	KC108722	31.139	395	233	9	375	737	1	388	1.34e-56	193
HPV11REF	GU129016	34.264	394	207	13	373	726	2	383	1.76e-56	192
HPV11REF	GU129016	34.271	391	205	13	2	352	5	383	3.45e-56	192
HPV11REF	NC_012213	46.117	206	109	2	1	204	1	206	2.26e-56	192
HPV11REF	NC_012213	46.117	206	109	2	375	578	1	206	2.26e-56	192
HPV11REF	AB543507	31.373	408	234	11	1	365	1	405	2.32e-56	193
HPV11REF	AB543507	31.373	408	234	11	375	739	1	405	2.32e-56	193
HPV11REF	NC_001596	41.393	244	138	3	1	240	1	243	3.02e-56	194
HPV11REF	NC_001596	41.393	244	138	3	375	614	1	243	3.02e-56	194
HPV11REF	NC_001596	35.897	78	48	1	285	360	379	456	6.86e-13	65.9
HPV11REF	NC_001596	35.897	78	48	1	659	734	379	456	6.86e-13	65.9
HPV11REF	NC_022095	33.503	394	220	8	4	360	6	394	3.19e-56	192
HPV11REF	NC_022095	33.503	394	220	8	378	734	6	394	3.19e-56	192
HPV11REF	MF588725	32.908	392	227	9	4	362	6	394	3.72e-56	192
HPV11REF	MF588725	32.908	392	227	9	378	736	6	394	3.72e-56	192
HPV11REF	MF588682	42.339	248	124	5	1	247	1	230	5.09e-56	192
HPV11REF	MF588682	42.339	248	124	5	375	621	1	230	5.09e-56	192
HPV11REF	MF588682	28.205	78	54	1	285	360	349	426	7.07e-09	52.8
HPV11REF	MF588682	28.205	78	54	1	659	734	349	426	7.07e-09	52.8
HPV11REF	MF588721	31.959	388	231	7	4	360	6	391	6.77e-56	191
HPV11REF	MF588721	31.959	388	231	7	378	734	6	391	6.77e-56	191
HPV11REF	NC_017995	32.658	395	210	8	4	352	6	390	6.78e-56	191
HPV11REF	NC_017995	32.658	395	210	8	378	726	6	390	6.78e-56	191
HPV11REF	KT698166	31.931	404	227	10	373	736	2	397	8.26e-56	191
HPV11REF	KT698166	31.920	401	225	10	2	362	5	397	1.72e-55	190
HPV11REF	MF588701	30.542	406	229	7	1	360	1	399	1.18e-55	191
HPV11REF	MF588701	30.542	406	229	7	375	734	1	399	1.18e-55	191
HPV11REF	NC_017862	31.742	419	230	9	1	363	1	419	1.29e-55	191
HPV11REF	NC_017862	31.742	419	230	9	375	737	1	419	1.29e-55	191
HPV11REF	MF588712	29.397	398	241	8	4	368	6	396	1.51e-55	190
HPV11REF	MF588712	29.397	398	241	8	378	742	6	396	1.51e-55	190
HPV11REF	FJ492743	43.946	223	117	2	1	222	1	216	1.99e-55	192
HPV11REF	FJ492743	43.946	223	117	2	375	596	1	216	1.99e-55	192
HPV11REF	FJ492743	40.000	75	44	1	282	355	406	480	5.34e-13	66.2
HPV11REF	FJ492743	40.000	75	44	1	656	729	406	480	5.34e-13	66.2
HPV11REF	MG744508	31.633	392	230	8	1	362	3	386	2.04e-55	189
HPV11REF	MG744508	31.633	392	230	8	375	736	3	386	2.04e-55	189
HPV11REF	NC_020500	31.051	409	228	6	1	355	4	412	2.14e-55	191
HPV11REF	NC_020500	31.051	409	228	6	375	729	4	412	2.14e-55	191
HPV11REF	MF588705	34.097	393	231	11	373	738	6	397	2.59e-55	189
HPV11REF	MF588705	34.103	390	229	11	2	364	9	397	5.51e-55	189
HPV11REF	HM999994	31.931	404	233	11	1	368	1	398	2.73e-55	189
HPV11REF	HM999994	31.931	404	233	11	375	742	1	398	2.73e-55	189
HPV11REF	Y15173	45.050	202	110	1	1	201	1	202	3.32e-55	192
HPV11REF	Y15173	45.050	202	110	1	375	575	1	202	3.32e-55	192
HPV11REF	Y15173	33.333	84	54	1	279	360	396	479	1.48e-11	61.6
HPV11REF	Y15173	33.333	84	54	1	653	734	396	479	1.48e-11	61.6
HPV11REF	NC_014185	31.122	392	237	8	1	363	1	388	3.68e-55	189
HPV11REF	NC_014185	31.122	392	237	8	375	737	1	388	3.68e-55	189
HPV11REF	JX413105	29.974	387	238	7	4	362	6	387	3.72e-55	189
HPV11REF	JX413105	29.974	387	238	7	378	736	6	387	3.72e-55	189
HPV11REF	MF588753	31.156	398	227	8	4	363	6	394	6.06e-55	188
HPV11REF	MF588753	31.156	398	227	8	378	737	6	394	6.06e-55	188
HPV11REF	MF588694	30.905	398	239	7	4	368	6	400	6.08e-55	189
HPV11REF	MF588694	30.905	398	239	7	378	742	6	400	6.08e-55	189
HPV11REF	KT326919	46.000	200	107	1	1	199	1	200	6.59e-55	191
HPV11REF	KT326919	46.000	200	107	1	375	573	1	200	6.59e-55	191
HPV11REF	KT326919	39.437	71	42	1	286	355	404	474	6.93e-12	62.4
HPV11REF	KT326919	39.437	71	42	1	660	729	404	474	6.93e-12	62.4
HPV11REF	KC113191	33.005	406	215	11	4	360	6	403	7.25e-55	189
HPV11REF	KC113191	33.005	406	215	11	378	734	6	403	7.25e-55	189
HPV11REF	JF800658	44.907	216	118	1	1	215	1	216	7.50e-55	191
HPV11REF	JF800658	44.907	216	118	1	375	589	1	216	7.50e-55	191
HPV11REF	JF800658	35.802	81	46	3	277	355	409	485	4.10e-12	63.2
HPV11REF	JF800658	35.802	81	46	3	651	729	409	485	4.10e-12	63.2
HPV11REF	MF588709	33.422	377	220	8	4	352	6	379	8.05e-55	188
HPV11REF	MF588709	33.422	377	220	8	378	726	6	379	8.05e-55	188
HPV11REF	MF588713	31.421	401	237	10	1	368	1	396	8.75e-55	188
HPV11REF	MF588713	31.421	401	237	10	375	742	1	396	8.75e-55	188
HPV11REF	NC_003748	31.579	399	223	9	374	726	1	395	1.11e-54	188
HPV11REF	NC_003748	31.658	398	222	9	1	352	2	395	1.41e-54	188
HPV11REF	GU117629	47.895	190	97	2	1	188	1	190	1.16e-54	188
HPV11REF	GU117629	47.895	190	97	2	375	562	1	190	1.16e-54	188
HPV11REF	MF588698	47.895	190	97	2	1	188	1	190	1.34e-54	188
HPV11REF	MF588698	47.895	190	97	2	375	562	1	190	1.34e-54	188
HPV11REF	MF588698	27.632	76	54	1	286	360	325	400	6.97e-06	43.1
HPV11REF	MF588698	27.632	76	54	1	660	734	325	400	6.97e-06	43.1
HPV11REF	HM999998	33.419	389	208	8	7	352	9	389	1.52e-54	187
HPV11REF	HM999998	33.419	389	208	8	381	726	9	389	1.52e-54	187
HPV11REF	NC_007612	32.481	391	233	10	1	360	1	391	1.73e-54	187
HPV11REF	NC_007612	32.481	391	233	10	375	734	1	391	1.73e-54	187
HPV11REF	NC_006951	32.258	372	234	8	1	355	1	371	1.89e-54	187
HPV11REF	NC_006951	32.258	372	234	8	375	729	1	371	1.89e-54	187
HPV11REF	NC_001354	31.746	378	231	8	1	355	4	377	1.92e-54	187
HPV11REF	NC_001354	31.746	378	231	8	375	729	4	377	1.92e-54	187
HPV11REF	JF966378	31.633	392	223	9	373	726	2	386	2.26e-54	187
HPV11REF	JF966378	31.620	389	221	9	2	352	5	386	4.30e-54	186
HPV11REF	JF755418	47.150	193	101	1	1	192	1	193	2.33e-54	189
HPV11REF	JF755418	47.150	193	101	1	375	566	1	193	2.33e-54	189
HPV11REF	JF755418	28.788	66	44	1	290	352	417	482	1.21e-05	42.7
HPV11REF	JF755418	28.788	66	44	1	664	726	417	482	1.21e-05	42.7
HPV11REF	NC_014469	32.250	400	230	9	373	734	2	398	2.87e-54	187
HPV11REF	NC_014469	32.242	397	228	9	2	360	5	398	5.50e-54	186
HPV11REF	MF588728	31.865	386	218	7	4	352	6	383	3.02e-54	186
HPV11REF	MF588728	31.865	386	218	7	378	726	6	383	3.02e-54	186
HPV11REF	NC_016014	46.569	204	108	1	1	203	1	204	3.03e-54	190
HPV11REF	NC_016014	46.569	204	108	1	375	577	1	204	3.03e-54	190
HPV11REF	NC_016014	31.915	94	62	2	272	364	435	527	5.01e-10	56.6
HPV11REF	NC_016014	31.915	94	62	2	646	738	435	527	5.01e-10	56.6
HPV11REF	JF966379	33.763	388	227	10	373	734	2	385	3.25e-54	186
HPV11REF	JF966379	33.766	385	225	10	2	360	5	385	5.53e-54	186
HPV11REF	NC_017997	32.898	383	230	9	4	362	5	384	3.58e-54	186
HPV11REF	NC_017997	32.898	383	230	9	378	736	5	384	3.58e-54	186
HPV11REF	MF588692	31.959	388	218	9	373	726	2	377	3.60e-54	186
HPV11REF	MF588692	31.948	385	216	9	2	352	5	377	6.06e-54	186
HPV11REF	MF509817	30.607	379	240	6	4	360	5	382	3.73e-54	186
HPV11REF	MF509817	30.607	379	240	6	378	734	5	382	3.73e-54	186
HPV11REF	NC_004500	39.004	241	139	3	1	240	1	234	4.70e-54	188
HPV11REF	NC_004500	39.004	241	139	3	375	614	1	234	4.70e-54	188
HPV11REF	NC_004500	34.615	78	49	1	285	360	395	472	2.79e-12	63.9
HPV11REF	NC_004500	34.615	78	49	1	659	734	395	472	2.79e-12	63.9
HPV11REF	MF588746	31.139	395	233	8	1	360	1	391	4.79e-54	186
HPV11REF	MF588746	31.139	395	233	8	375	734	1	391	4.79e-54	186
HPV11REF	JF966375	31.472	394	232	8	1	360	1	390	5.17e-54	186
HPV11REF	JF966375	31.472	394	232	8	375	734	1	390	5.17e-54	186
HPV11REF	KT901797	41.870	246	133	3	1	243	1	239	6.02e-54	188
HPV11REF	KT901797	41.870	246	133	3	375	617	1	239	6.02e-54	188
HPV11REF	KT901797	41.250	80	43	2	277	355	403	479	7.29e-14	68.9
HPV11REF	KT901797	41.250	80	43	2	651	729	403	479	7.29e-14	68.9
HPV11REF	X74467	40.486	247	143	3	1	246	1	244	6.82e-54	188
HPV11REF	X74467	40.486	247	143	3	375	620	1	244	6.82e-54	188
HPV11REF	X74467	30.120	83	55	2	285	364	401	483	5.82e-09	53.1
HPV11REF	X74467	30.120	83	55	2	659	738	401	483	5.82e-09	53.1
HPV11REF	FJ947080	43.318	217	121	2	1	215	1	217	7.30e-54	188
HPV11REF	FJ947080	43.318	217	121	2	375	589	1	217	7.30e-54	188
HPV11REF	FJ947080	35.616	73	45	1	285	355	399	471	1.16e-10	58.5
HPV11REF	FJ947080	35.616	73	45	1	659	729	399	471	1.16e-10	58.5
HPV11REF	MF588685	41.748	206	119	1	1	205	1	206	8.42e-54	187
HPV11REF	MF588685	41.748	206	119	1	375	579	1	206	8.42e-54	187
HPV11REF	MF588685	34.615	78	49	1	285	360	392	469	1.97e-12	64.3
HPV11REF	MF588685	34.615	78	49	1	659	734	392	469	1.97e-12	64.3
HPV11REF	AB331650	31.313	396	231	7	1	355	1	396	8.81e-54	186
HPV11REF	AB331650	31.313	396	231	7	375	729	1	396	8.81e-54	186
HPV11REF	NC_001691	31.818	396	231	9	373	736	5	393	8.91e-54	185
HPV11REF	NC_001691	31.807	393	229	9	2	362	8	393	1.72e-53	184
HPV11REF	MF588751	31.472	394	231	8	1	360	1	389	8.92e-54	185
HPV11REF	MF588751	31.472	394	231	8	375	734	1	389	8.92e-54	185
HPV11REF	MF588719	34.015	391	223	12	373	734	2	386	1.04e-53	185
HPV11REF	MF588719	34.021	388	221	12	2	360	5	386	1.83e-53	184
HPV11REF	MF588747	31.122	392	235	8	1	360	1	389	1.12e-53	185
HPV11REF	MF588747	31.122	392	235	8	375	734	1	389	1.12e-53	185
HPV11REF	NC_012486	29.899	398	234	7	373	736	3	389	1.26e-53	185
HPV11REF	NC_012486	29.873	395	232	7	2	362	6	389	2.83e-53	184
HPV11REF	MF588691	32.323	396	224	9	373	734	2	387	1.42e-53	184
HPV11REF	MF588691	32.316	393	222	9	2	360	5	387	2.72e-53	184
HPV11REF	NC_017996	31.675	382	220	8	4	352	6	379	1.54e-53	184
HPV11REF	NC_017996	31.675	382	220	8	378	726	6	379	1.54e-53	184
HPV11REF	JX444072	32.071	396	233	9	373	736	2	393	1.54e-53	184
HPV11REF	JX444072	32.061	393	231	9	2	362	5	393	1.59e-53	184
HPV11REF	MF588687	39.485	233	133	2	1	232	1	226	1.65e-53	186
HPV11REF	MF588687	39.485	233	133	2	375	606	1	226	1.65e-53	186
HPV11REF	MF588687	27.174	92	65	1	266	355	369	460	6.70e-11	59.3
HPV11REF	MF588687	27.174	92	65	1	640	729	369	460	6.70e-11	59.3
HPV11REF	X74469	38.672	256	150	4	1	249	1	256	1.75e-53	186
HPV11REF	X74469	38.672	256	150	4	375	623	1	256	1.75e-53	186
HPV11REF	X74469	30.000	80	54	1	285	362	370	449	5.22e-11	59.7
HPV11REF	X74469	30.000	80	54	1	659	736	370	449	5.22e-11	59.7
HPV11REF	Y15174	43.564	202	113	1	1	201	1	202	2.06e-53	187
HPV11REF	Y15174	43.564	202	113	1	375	575	1	202	2.06e-53	187
HPV11REF	Y15174	32.143	84	55	1	279	360	405	488	6.77e-11	59.3
HPV11REF	Y15174	32.143	84	55	1	653	734	405	488	6.77e-11	59.3
HPV11REF	NC_019852	45.098	204	111	1	1	203	1	204	2.13e-53	188
HPV11REF	NC_019852	45.098	204	111	1	375	577	1	204	2.13e-53	188
HPV11REF	NC_019852	31.915	94	62	2	272	364	447	539	4.59e-09	53.5
HPV11REF	NC_019852	31.915	94	62	2	646	738	447	539	4.59e-09	53.5
HPV11REF	MF588716	32.658	395	224	11	373	734	2	387	2.20e-53	184
HPV11REF	MF588716	32.653	392	222	11	2	360	5	387	4.30e-53	183
HPV11REF	NC_010329	31.000	400	233	9	373	736	5	397	2.59e-53	184
HPV11REF	NC_010329	30.982	397	231	9	2	362	8	397	5.76e-53	183
HPV11REF	MF588718	32.143	392	231	9	373	734	2	388	5.33e-53	183
HPV11REF	MF588718	32.134	389	229	9	2	360	5	388	1.01e-52	182
HPV11REF	MF588693	31.234	381	229	8	373	726	2	376	5.35e-53	183
HPV11REF	MF588693	31.217	378	227	8	2	352	5	376	8.56e-53	182
HPV11REF	NC_016074	39.442	251	144	2	1	250	1	244	6.18e-53	185
HPV11REF	NC_016074	39.442	251	144	2	375	624	1	244	6.18e-53	185
HPV11REF	NC_016074	28.488	172	96	6	196	355	322	478	3.84e-11	60.1
HPV11REF	NC_016074	28.488	172	96	6	570	729	322	478	3.84e-11	60.1
HPV11REF	NC_016075	42.105	209	118	2	1	206	1	209	6.70e-53	186
HPV11REF	NC_016075	42.105	209	118	2	375	580	1	209	6.70e-53	186
HPV11REF	NC_016075	28.125	160	101	4	206	364	384	530	3.31e-13	67.0
HPV11REF	NC_016075	28.125	160	101	4	580	738	384	530	3.31e-13	67.0
HPV11REF	HE963025	39.044	251	148	2	1	246	1	251	7.41e-53	184
HPV11REF	HE963025	39.044	251	148	2	375	620	1	251	7.41e-53	184
HPV11REF	HE963025	36.250	80	49	1	285	362	377	456	3.63e-14	69.7
HPV11REF	HE963025	36.250	80	49	1	659	736	377	456	3.63e-14	69.7
HPV11REF	MF588686	41.262	206	120	1	1	205	1	206	8.14e-53	184
HPV11REF	MF588686	41.262	206	120	1	375	579	1	206	8.14e-53	184
HPV11REF	MF588686	32.051	78	51	1	285	360	388	465	1.44e-11	61.6
HPV11REF	MF588686	32.051	78	51	1	659	734	388	465	1.44e-11	61.6
HPV11REF	EU410348	42.079	202	116	1	1	201	1	202	9.62e-53	184
HPV11REF	EU410348	42.079	202	116	1	375	575	1	202	9.62e-53	184
HPV11REF	EU410348	37.500	80	48	1	285	362	372	451	1.78e-12	64.3
HPV11REF	EU410348	37.500	80	48	1	659	736	372	451	1.78e-12	64.3
HPV11REF	EU410349	40.323	248	128	4	1	246	1	230	1.04e-52	184
HPV11REF	EU410349	40.323	248	128	4	375	620	1	230	1.04e-52	184
HPV11REF	EU410349	31.250	80	53	1	285	362	368	447	4.81e-11	59.7
HPV11REF	EU410349	31.250	80	53	1	659	736	368	447	4.81e-11	59.7
HPV11REF	NC_017994	32.143	392	225	9	2	360	4	387	1.16e-52	182
HPV11REF	NC_017994	32.143	392	225	9	376	734	4	387	1.16e-52	182
HPV11REF	MF509816	32.152	395	235	9	373	738	6	396	1.16e-52	182
HPV11REF	MF509816	32.143	392	233	9	2	364	9	396	2.56e-52	181
HPV11REF	KY349817	38.211	246	143	3	1	242	1	241	1.21e-52	184
HPV11REF	KY349817	38.211	246	143	3	375	616	1	241	1.21e-52	184
HPV11REF	KY349817	33.333	78	50	1	285	360	373	450	1.34e-11	61.6
HPV11REF	KY349817	33.333	78	50	1	659	734	373	450	1.34e-11	61.6
HPV11REF	JX174437	27.543	403	242	8	1	355	1	401	1.28e-52	182
HPV11REF	JX174437	27.543	403	242	8	375	729	1	401	1.28e-52	182
HPV11REF	X74468	38.618	246	143	3	1	242	1	242	1.39e-52	184
HPV11REF	X74468	38.618	246	143	3	375	616	1	242	1.39e-52	184
HPV11REF	X74468	33.750	80	51	1	285	362	374	453	7.71e-13	65.5
HPV11REF	X74468	33.750	80	51	1	659	736	374	453	7.71e-13	65.5
HPV11REF	FM955838	43.069	202	114	1	1	201	1	202	1.40e-52	185
HPV11REF	FM955838	43.069	202	114	1	375	575	1	202	1.40e-52	185
HPV11REF	FM955838	30.075	133	80	4	234	360	374	499	6.57e-13	65.9
HPV11REF	FM955838	30.075	133	80	4	608	734	374	499	6.57e-13	65.9
HPV11REF	KX276957	30.105	382	246	8	1	362	3	383	1.56e-52	181
HPV11REF	KX276957	30.105	382	246	8	375	736	3	383	1.56e-52	181
HPV11REF	JQ754321	42.601	223	120	2	1	222	1	216	1.95e-52	184
HPV11REF	JQ754321	42.601	223	120	2	375	596	1	216	1.95e-52	184
HPV11REF	JQ754321	36.250	80	47	2	277	355	401	477	5.97e-11	59.7
HPV11REF	JQ754321	36.250	80	47	2	651	729	401	477	5.97e-11	59.7
HPV11REF	NC_005134	35.690	297	178	7	1	291	1	290	2.06e-52	183
HPV11REF	NC_005134	35.690	297	178	7	375	665	1	290	2.06e-52	183
HPV11REF	NC_005134	37.349	83	49	2	285	364	386	468	1.42e-13	67.8
HPV11REF	NC_005134	37.349	83	49	2	659	738	386	468	1.42e-13	67.8
HPV11REF	MF588708	30.829	386	241	8	373	736	6	387	2.31e-52	181
HPV11REF	MF588708	30.809	383	239	8	2	362	9	387	4.83e-52	180
HPV11REF	KJ506870	31.328	399	232	8	1	360	1	396	2.88e-52	181
HPV11REF	KJ506870	31.328	399	232	8	375	734	1	396	2.88e-52	181
HPV11REF	MF509821	30.952	378	230	7	2	352	4	377	3.37e-52	181
HPV11REF	MF509821	30.952	378	230	7	376	726	4	377	3.37e-52	181
HPV11REF	KP205502	38.610	259	151	4	1	251	1	259	3.49e-52	182
HPV11REF	KP205502	38.610	259	151	4	375	625	1	259	3.49e-52	182
HPV11REF	KP205502	28.000	125	84	3	239	362	331	450	9.42e-10	55.8
HPV11REF	KP205502	28.000	125	84	3	613	736	331	450	9.42e-10	55.8
HPV11REF	M12737	40.833	240	138	3	1	239	1	237	3.81e-52	183
HPV11REF	M12737	40.833	240	138	3	375	613	1	237	3.81e-52	183
HPV11REF	M12737	28.571	133	82	4	234	360	368	493	2.48e-10	57.8
HPV11REF	M12737	28.571	133	82	4	608	734	368	493	2.48e-10	57.8
HPV11REF	NC_010226	43.627	204	114	1	1	203	1	204	4.09e-52	183
HPV11REF	NC_010226	43.627	204	114	1	375	577	1	204	4.09e-52	183
HPV11REF	NC_010226	37.037	81	49	2	276	355	400	479	3.25e-12	63.5
HPV11REF	NC_010226	37.037	81	49	2	650	729	400	479	3.25e-12	63.5
HPV11REF	MF588704	31.830	399	228	9	373	736	3	392	4.28e-52	181
HPV11REF	MF588704	31.980	394	224	9	4	362	8	392	5.61e-52	180
HPV11REF	JN709469	29.925	401	236	7	374	738	1	392	4.72e-52	181
HPV11REF	JN709469	30.000	400	235	7	1	364	2	392	5.21e-52	180
HPV11REF	NC_013035	31.899	395	228	10	4	362	6	395	4.83e-52	181
HPV11REF	NC_013035	31.899	395	228	10	378	736	6	395	4.83e-52	181
HPV11REF	NC_012123	28.851	409	237	7	1	355	1	409	5.44e-52	181
HPV11REF	NC_012123	28.851	409	237	7	375	729	1	409	5.44e-52	181
HPV11REF	E15111	30.221	407	232	12	1	362	1	400	5.89e-52	181
HPV11REF	E15111	30.221	407	232	12	375	736	1	400	5.89e-52	181
HPV11REF	GU117623	29.381	388	250	5	1	364	1	388	6.34e-52	180
HPV11REF	GU117623	29.381	388	250	5	375	738	1	388	6.34e-52	180
HPV11REF	KX781284	31.795	390	235	8	1	360	1	389	6.62e-52	180
HPV11REF	KX781284	31.795	390	235	8	375	734	1	389	6.62e-52	180
HPV11REF	MG571095	38.956	249	136	3	1	234	1	248	6.88e-52	183
HPV11REF	MG571095	38.956	249	136	3	375	608	1	248	6.88e-52	183
HPV11REF	MG571095	35.135	74	46	1	281	352	440	513	7.06e-09	53.1
HPV11REF	MG571095	35.135	74	46	1	655	726	440	513	7.06e-09	53.1
HPV11REF	X02346	28.321	399	242	7	1	355	1	399	6.92e-52	181
HPV11REF	X02346	28.321	399	242	7	375	729	1	399	6.92e-52	181
HPV11REF	MF588706	33.073	384	223	9	373	726	6	385	1.03e-51	179
HPV11REF	MF588706	33.071	381	221	9	2	352	9	385	2.22e-51	179
HPV11REF	NC_022892	31.026	390	230	8	373	726	2	388	1.03e-51	180
HPV11REF	NC_022892	31.008	387	228	8	2	352	5	388	1.99e-51	179
HPV11REF	NC_016898	41.176	238	129	3	1	237	1	228	1.05e-51	181
HPV11REF	NC_016898	41.176	238	129	3	375	611	1	228	1.05e-51	181
HPV11REF	NC_016898	33.333	87	50	1	285	363	353	439	1.09e-09	55.5
HPV11REF	NC_016898	33.333	87	50	1	659	737	353	439	1.09e-09	55.5
HPV11REF	KJ913662	29.873	395	241	8	373	734	2	393	1.18e-51	179
HPV11REF	KJ913662	29.847	392	239	8	2	360	5	393	2.35e-51	179
HPV11REF	MF327537	42.857	203	115	1	1	202	1	203	1.22e-51	183
HPV11REF	MF327537	42.857	203	115	1	375	576	1	203	1.22e-51	183
HPV11REF	MF327537	36.000	75	45	2	281	352	450	524	8.84e-11	59.3
HPV11REF	MF327537	36.000	75	45	2	655	726	450	524	8.84e-11	59.3
HPV11REF	NC_021483	31.250	384	235	4	4	360	6	387	1.58e-51	179
HPV11REF	NC_021483	31.250	384	235	4	378	734	6	387	1.58e-51	179
HPV11REF	MF588723	32.648	389	219	9	373	726	4	384	1.87e-51	179
HPV11REF	MF588723	32.642	386	217	9	2	352	7	384	3.23e-51	178
HPV11REF	GQ845445	45.641	195	104	2	1	193	1	195	2.01e-51	179
HPV11REF	GQ845445	45.641	195	104	2	375	567	1	195	2.01e-51	179
HPV11REF	GQ845445	27.273	77	55	1	285	360	320	396	3.55e-06	44.3
HPV11REF	GQ845445	27.273	77	55	1	659	734	320	396	3.55e-06	44.3
HPV11REF	NC_026640	45.361	194	105	1	1	193	1	194	2.48e-51	181
HPV11REF	NC_026640	45.361	194	105	1	375	567	1	194	2.48e-51	181
HPV11REF	NC_026640	27.907	172	99	6	196	355	306	464	1.41e-10	58.5
HPV11REF	NC_026640	27.907	172	99	6	570	729	306	464	1.41e-10	58.5
HPV11REF	KP692116	30.871	379	227	8	4	352	6	379	3.50e-51	178
HPV11REF	KP692116	30.871	379	227	8	378	726	6	379	3.50e-51	178
HPV11REF	MF588683	38.696	230	138	2	1	229	1	228	3.67e-51	180
HPV11REF	MF588683	38.696	230	138	2	375	603	1	228	3.67e-51	180
HPV11REF	MF588683	31.325	83	54	2	285	364	377	459	1.19e-09	55.5
HPV11REF	MF588683	31.325	83	54	2	659	738	377	459	1.19e-09	55.5
HPV11REF	MG602223	30.100	402	220	9	4	356	3	392	3.87e-51	178
HPV11REF	MG602223	30.100	402	220	9	378	730	3	392	3.87e-51	178
HPV11REF	U31779	41.584	202	117	1	1	201	1	202	4.24e-51	181
HPV11REF	U31779	41.584	202	117	1	375	575	1	202	4.24e-51	181
HPV11REF	U31779	32.530	83	53	2	285	364	421	503	3.85e-09	53.9
HPV11REF	U31779	32.530	83	53	2	659	738	421	503	3.85e-09	53.9
HPV11REF	NC_014955	33.333	387	233	8	373	734	4	390	4.54e-51	178
HPV11REF	NC_014955	33.333	384	231	8	2	360	7	390	9.85e-51	177
HPV11REF	JF966376	29.820	389	240	7	373	736	5	385	4.70e-51	177
HPV11REF	JF966376	29.581	382	240	6	6	362	8	385	6.27e-51	177
HPV11REF	NC_020501	30.807	409	229	10	1	355	1	409	5.89e-51	178
HPV11REF	NC_020501	30.807	409	229	10	375	729	1	409	5.89e-51	178
HPV11REF	KC108721	32.603	411	209	11	4	362	6	400	6.73e-51	177
HPV11REF	KC108721	32.603	411	209	11	378	736	6	400	6.73e-51	177
HPV11REF	EU796884	43.333	210	119	0	1	210	1	210	7.53e-51	181
HPV11REF	EU796884	43.333	210	119	0	375	584	1	210	7.53e-51	181
HPV11REF	EU796884	30.588	85	56	2	285	366	446	530	1.44e-09	55.1
HPV11REF	EU796884	30.588	85	56	2	659	740	446	530	1.44e-09	55.1
HPV11REF	U31786	36.330	267	161	4	1	261	1	264	7.81e-51	179
HPV11REF	U31786	36.330	267	161	4	375	635	1	264	7.81e-51	179
HPV11REF	U31786	32.500	80	52	1	285	362	372	451	1.93e-11	61.2
HPV11REF	U31786	32.500	80	52	1	659	736	372	451	1.93e-11	61.2
HPV11REF	U31778	42.574	202	115	1	1	201	1	202	9.44e-51	179
HPV11REF	U31778	42.574	202	115	1	375	575	1	202	9.44e-51	179
HPV11REF	U31778	30.120	83	55	2	285	364	415	497	1.71e-08	51.6
HPV11REF	U31778	30.120	83	55	2	659	738	415	497	1.71e-08	51.6
HPV11REF	U31787	39.189	222	126	2	1	213	1	222	1.39e-50	177
HPV11REF	U31787	39.189	222	126	2	375	587	1	222	1.39e-50	177
HPV11REF	U31787	32.143	84	55	1	279	360	353	436	9.84e-13	65.1
HPV11REF	U31787	32.143	84	55	1	653	734	353	436	9.84e-13	65.1
HPV11REF	NC_017993	32.419	401	219	9	4	360	6	398	1.52e-50	176
HPV11REF	NC_017993	32.419	401	219	9	378	734	6	398	1.52e-50	176
HPV11REF	KT932712	40.756	238	126	3	1	223	1	238	1.68e-50	177
HPV11REF	KT932712	40.756	238	126	3	375	597	1	238	1.68e-50	177
HPV11REF	X74471	39.062	256	143	5	1	246	1	253	1.73e-50	179
HPV11REF	X74471	39.062	256	143	5	375	620	1	253	1.73e-50	179
HPV11REF	X74471	24.060	133	97	3	235	364	371	502	5.09e-08	50.1
HPV11REF	X74471	24.060	133	97	3	609	738	371	502	5.09e-08	50.1
HPV11REF	NC_001690	30.909	385	230	7	373	726	4	383	1.76e-50	176
HPV11REF	NC_001690	30.890	382	228	7	2	352	7	383	3.42e-50	175
HPV11REF	MF588711	31.538	390	233	8	4	360	6	394	1.92e-50	176
HPV11REF	MF588711	31.538	390	233	8	378	734	6	394	1.92e-50	176
HPV11REF	NC_023895	43.415	205	115	1	1	205	1	204	1.94e-50	176
HPV11REF	NC_023895	43.415	205	115	1	375	579	1	204	1.94e-50	176
HPV11REF	NC_023895	33.673	98	58	2	271	363	316	411	7.94e-10	55.8
HPV11REF	NC_023895	33.673	98	58	2	645	737	316	411	7.94e-10	55.8
HPV11REF	KT698167	29.262	393	239	9	1	360	1	387	1.95e-50	176
HPV11REF	KT698167	29.262	393	239	9	375	734	1	387	1.95e-50	176
HPV11REF	FM955837	42.574	202	115	1	1	201	1	202	2.19e-50	178
HPV11REF	FM955837	42.574	202	115	1	375	575	1	202	2.19e-50	178
HPV11REF	FM955837	25.641	78	56	1	285	360	392	469	2.18e-08	51.2
HPV11REF	FM955837	25.641	78	56	1	659	734	392	469	2.18e-08	51.2
HPV11REF	NC_021930	29.902	408	231	10	1	355	1	406	2.21e-50	176
HPV11REF	NC_021930	29.902	408	231	10	375	729	1	406	2.21e-50	176
HPV11REF	NC_004197	43.069	202	113	2	1	200	1	202	2.57e-50	176
HPV11REF	NC_004197	43.069	202	113	2	375	574	1	202	2.57e-50	176
HPV11REF	NC_004197	38.889	72	43	1	285	355	333	404	8.93e-09	52.4
HPV11REF	NC_004197	38.889	72	43	1	659	729	333	404	8.93e-09	52.4
HPV11REF	KY817993	35.714	294	171	7	1	285	1	285	3.05e-50	181
HPV11REF	KY817993	35.714	294	171	7	375	659	1	285	3.05e-50	181
HPV11REF	KY817993	41.791	67	38	1	286	352	579	644	3.03e-10	57.8
HPV11REF	KY817993	41.791	67	38	1	660	726	579	644	3.03e-10	57.8
HPV11REF	M20219	29.064	406	231	8	1	355	1	400	3.27e-50	176
HPV11REF	M20219	29.064	406	231	8	375	729	1	400	3.27e-50	176
HPV11REF	NC_019023	32.021	381	226	11	373	726	2	376	4.19e-50	175
HPV11REF	NC_019023	32.011	378	224	11	2	352	5	376	5.37e-50	174
HPV11REF	NC_014952	29.231	390	242	7	4	360	6	394	5.13e-50	175
HPV11REF	NC_014952	29.231	390	242	7	378	734	6	394	5.13e-50	175
HPV11REF	MF588679	37.132	272	159	4	1	261	1	271	5.84e-50	177
HPV11REF	MF588679	37.132	272	159	4	375	635	1	271	5.84e-50	177
HPV11REF	MF588679	39.759	83	47	2	285	364	419	501	4.09e-12	63.2
HPV11REF	MF588679	39.759	83	47	2	659	738	419	501	4.09e-12	63.2
HPV11REF	MF588756	30.334	389	234	6	4	360	6	389	7.07e-50	174
HPV11REF	MF588756	30.334	389	234	6	378	734	6	389	7.07e-50	174
HPV11REF	NC_001605	46.316	190	101	1	1	189	1	190	7.94e-50	178
HPV11REF	NC_001605	46.316	190	101	1	375	563	1	190	7.94e-50	178
HPV11REF	NC_001605	30.000	80	53	2	276	352	450	529	1.00e-05	42.7
HPV11REF	NC_001605	30.000	80	53	2	650	726	450	529	1.00e-05	42.7
HPV11REF	MF509818	30.127	395	238	7	4	368	6	392	8.13e-50	174
HPV11REF	MF509818	30.127	395	238	7	378	742	6	392	8.13e-50	174
HPV11REF	KC862317	31.486	397	229	8	373	736	3	389	8.32e-50	174
HPV11REF	KC862317	31.633	392	225	8	4	362	8	389	1.12e-49	174
HPV11REF	JF966371	30.130	385	235	7	1	352	1	384	8.54e-50	174
HPV11REF	JF966371	30.130	385	235	7	375	726	1	384	8.54e-50	174
HPV11REF	MF588707	31.266	387	227	9	373	726	2	382	1.03e-49	174
HPV11REF	MF588707	31.250	384	225	9	2	352	5	382	2.09e-49	173
HPV11REF	NC_023891	31.328	399	232	10	1	360	1	396	1.30e-49	174
HPV11REF	NC_023891	31.328	399	232	10	375	734	1	396	1.30e-49	174
HPV11REF	NC_014954	32.225	391	236	9	373	736	4	392	1.43e-49	174
HPV11REF	NC_014954	32.216	388	234	9	2	362	7	392	2.98e-49	172
HPV11REF	NC_001591	40.741	216	123	2	1	211	1	216	1.47e-49	176
HPV11REF	NC_001591	40.741	216	123	2	375	585	1	216	1.47e-49	176
HPV11REF	NC_001591	29.487	78	53	1	285	360	406	483	2.34e-08	51.2
HPV11REF	NC_001591	29.487	78	53	1	659	734	406	483	2.34e-08	51.2
HPV11REF	KM085343	30.749	387	225	8	1	352	1	379	1.82e-49	173
HPV11REF	KM085343	30.749	387	225	8	375	726	1	379	1.82e-49	173
HPV11REF	KU963288	42.927	205	115	2	1	203	1	205	2.42e-49	179
HPV11REF	KU963288	42.927	205	115	2	375	577	1	205	2.42e-49	179
HPV11REF	KU963288	27.723	101	69	2	266	364	610	708	4.59e-06	44.3
HPV11REF	KU963288	27.723	101	69	2	640	738	610	708	4.59e-06	44.3
HPV11REF	FM955840	39.056	233	135	3	1	230	1	229	2.86e-49	174
HPV11REF	FM955840	39.056	233	135	3	375	604	1	229	2.86e-49	174
HPV11REF	FM955840	33.721	86	49	2	280	360	359	441	2.04e-11	60.8
HPV11REF	FM955840	33.721	86	49	2	654	734	359	441	2.04e-11	60.8
HPV11REF	MF509820	29.211	380	243	7	4	362	6	380	2.92e-49	172
HPV11REF	MF509820	29.211	380	243	7	378	736	6	380	2.92e-49	172
HPV11REF	GQ246951	37.132	272	158	3	1	261	1	270	3.28e-49	175
HPV11REF	GQ246951	37.132	272	158	3	375	635	1	270	3.28e-49	175
HPV11REF	GQ246951	32.061	131	80	4	238	364	381	506	9.11e-13	65.5
HPV11REF	GQ246951	32.061	131	80	4	612	738	381	506	9.11e-13	65.5
HPV11REF	MG063749	29.975	397	244	12	4	368	6	400	3.75e-49	172
HPV11REF	MG063749	29.975	397	244	12	378	742	6	400	3.75e-49	172
HPV11REF	MF176072	31.565	377	234	10	373	726	2	377	4.45e-49	172
HPV11REF	MF176072	31.551	374	232	10	2	352	5	377	5.70e-49	172
HPV11REF	JX413109	31.649	376	229	12	3	352	6	379	5.46e-49	172
HPV11REF	JX413109	31.649	376	229	12	377	726	6	379	5.46e-49	172
HPV11REF	KU519396	44.211	190	104	2	1	188	1	190	5.91e-49	172
HPV11REF	KU519396	44.211	190	104	2	375	562	1	190	5.91e-49	172
HPV11REF	KU519396	28.090	89	64	0	266	354	287	375	1.05e-07	48.9
HPV11REF	KU519396	28.090	89	64	0	640	728	287	375	1.05e-07	48.9
HPV11REF	GU117633	30.890	382	230	8	1	352	1	378	5.95e-49	172
HPV11REF	GU117633	30.890	382	230	8	375	726	1	378	5.95e-49	172
HPV11REF	MF588710	30.412	388	237	5	4	360	6	391	6.67e-49	172
HPV11REF	MF588710	30.412	388	237	5	378	734	6	391	6.67e-49	172
HPV11REF	FN677755	37.097	248	150	3	1	242	1	248	9.12e-49	173
HPV11REF	FN677755	37.097	248	150	3	375	616	1	248	9.12e-49	173
HPV11REF	FN677755	31.325	83	54	2	285	364	388	470	2.79e-10	57.4
HPV11REF	FN677755	31.325	83	54	2	659	738	388	470	2.79e-10	57.4
HPV11REF	NC_014326	30.628	382	243	7	1	362	1	380	9.31e-49	171
HPV11REF	NC_014326	30.628	382	243	7	375	736	1	380	9.31e-49	171
HPV11REF	GU117621	31.026	390	225	8	373	730	2	379	9.43e-49	171
HPV11REF	GU117621	30.928	388	224	8	1	356	4	379	2.32e-48	170
HPV11REF	NC_015692	40.594	202	119	1	1	201	1	202	1.22e-48	173
HPV11REF	NC_015692	40.594	202	119	1	375	575	1	202	1.22e-48	173
HPV11REF	NC_015692	31.507	73	48	1	285	355	413	485	4.03e-08	50.4
HPV11REF	NC_015692	31.507	73	48	1	659	729	413	485	4.03e-08	50.4
HPV11REF	MF588729	30.612	392	231	7	7	362	9	395	1.52e-48	171
HPV11REF	MF588729	30.612	392	231	7	381	736	9	395	1.52e-48	171
HPV11REF	MF588724	45.771	201	105	3	4	201	6	205	1.62e-48	171
HPV11REF	MF588724	45.771	201	105	3	378	575	6	205	1.62e-48	171
HPV11REF	FJ796965	42.079	202	117	0	1	202	1	202	1.76e-48	171
HPV11REF	FJ796965	42.079	202	117	0	375	576	1	202	1.76e-48	171
HPV11REF	FJ796965	39.759	83	48	1	281	363	330	410	1.11e-11	61.6
HPV11REF	FJ796965	39.759	83	48	1	655	737	330	410	1.11e-11	61.6
HPV11REF	FM955841	41.584	202	117	1	1	201	1	202	1.86e-48	173
HPV11REF	FM955841	41.584	202	117	1	375	575	1	202	1.86e-48	173
HPV11REF	FM955841	32.051	78	51	1	285	360	422	499	1.03e-09	55.8
HPV11REF	FM955841	32.051	78	51	1	659	734	422	499	1.03e-09	55.8
HPV11REF	U31782	41.584	202	117	1	1	201	1	202	1.98e-48	172
HPV11REF	U31782	41.584	202	117	1	375	575	1	202	1.98e-48	172
HPV11REF	U31782	28.205	78	54	1	285	360	385	462	5.88e-09	53.1
HPV11REF	U31782	28.205	78	54	1	659	734	385	462	5.88e-09	53.1
HPV11REF	X74470	40.594	202	119	1	1	201	1	202	2.03e-48	173
HPV11REF	X74470	40.594	202	119	1	375	575	1	202	2.03e-48	173
HPV11REF	X74470	27.711	83	57	2	285	364	411	493	6.60e-07	46.6
HPV11REF	X74470	27.711	83	57	2	659	738	411	493	6.60e-07	46.6
HPV11REF	AY382778	41.593	226	125	3	1	221	1	224	2.86e-48	172
HPV11REF	AY382778	41.593	226	125	3	375	595	1	224	2.86e-48	172
HPV11REF	AY382778	33.333	78	50	1	285	360	394	471	1.53e-10	58.2
HPV11REF	AY382778	33.333	78	50	1	659	734	394	471	1.53e-10	58.2
HPV11REF	MF588744	31.592	402	221	11	4	360	6	398	2.90e-48	170
HPV11REF	MF588744	31.592	402	221	11	378	734	6	398	2.90e-48	170
HPV11REF	NC_014953	31.746	378	231	8	8	362	10	383	3.08e-48	169
HPV11REF	NC_014953	31.746	378	231	8	382	736	10	383	3.08e-48	169
HPV11REF	HM999999	33.247	388	216	10	373	726	4	382	3.59e-48	169
HPV11REF	HM999999	33.247	385	214	10	2	352	7	382	6.76e-48	169
HPV11REF	MF588749	29.381	388	237	7	1	352	1	387	3.61e-48	170
HPV11REF	MF588749	29.381	388	237	7	375	726	1	387	3.61e-48	170
HPV11REF	KP692114	31.043	393	224	8	373	726	4	388	3.91e-48	170
HPV11REF	KP692114	31.026	390	222	8	2	352	7	388	7.65e-48	169
HPV11REF	HQ625440	32.461	382	225	11	374	726	2	379	4.47e-48	169
HPV11REF	HQ625440	32.546	381	224	11	1	352	3	379	5.45e-48	169
HPV11REF	MF588748	28.894	398	246	9	1	362	1	397	4.76e-48	169
HPV11REF	MF588748	28.894	398	246	9	375	736	1	397	4.76e-48	169
HPV11REF	EF422221	38.793	232	139	3	1	230	1	231	5.42e-48	171
HPV11REF	EF422221	38.793	232	139	3	375	604	1	231	5.42e-48	171
HPV11REF	EF422221	27.692	130	89	4	238	364	338	465	8.61e-11	58.9
HPV11REF	EF422221	27.692	130	89	4	612	738	338	465	8.61e-11	58.9
HPV11REF	JX413107	30.769	403	238	9	1	363	3	404	5.65e-48	169
HPV11REF	JX413107	30.769	403	238	9	375	737	3	404	5.65e-48	169
HPV11REF	KY242583	39.130	230	138	2	1	229	1	229	5.85e-48	171
HPV11REF	KY242583	39.130	230	138	2	375	603	1	229	5.85e-48	171
HPV11REF	KY242583	30.000	130	86	4	238	364	330	457	1.14e-11	61.6
HPV11REF	KY242583	30.000	130	86	4	612	738	330	457	1.14e-11	61.6
HPV11REF	KT626573	28.180	401	235	9	1	355	1	394	6.10e-48	169
HPV11REF	KT626573	28.180	401	235	9	375	729	1	394	6.10e-48	169
HPV11REF	MF588736	30.175	401	226	8	4	362	6	394	6.53e-48	169
HPV11REF	MF588736	30.175	401	226	8	378	736	6	394	6.53e-48	169
HPV11REF	JQ814848	39.113	248	142	4	1	239	1	248	8.32e-48	171
HPV11REF	JQ814848	39.113	248	142	4	375	613	1	248	8.32e-48	171
HPV11REF	JQ814848	32.500	80	52	1	285	362	385	464	5.58e-08	50.1
HPV11REF	JQ814848	32.500	80	52	1	659	736	385	464	5.58e-08	50.1
HPV11REF	M32305	41.089	202	118	1	1	201	1	202	9.44e-48	171
HPV11REF	M32305	41.089	202	118	1	375	575	1	202	9.44e-48	171
HPV11REF	M32305	32.051	78	51	1	285	360	424	501	1.18e-09	55.5
HPV11REF	M32305	32.051	78	51	1	659	734	424	501	1.18e-09	55.5
HPV11REF	MF588695	27.895	380	234	7	1	346	1	374	1.12e-47	168
HPV11REF	MF588695	27.895	380	234	7	375	720	1	374	1.12e-47	168
HPV11REF	NC_022253	41.837	196	112	2	374	567	1	196	1.26e-47	172
HPV11REF	NC_022253	42.051	195	111	2	1	193	2	196	1.28e-47	172
HPV11REF	NC_022253	29.457	129	80	5	240	360	450	575	1.56e-09	55.1
HPV11REF	NC_022253	29.457	129	80	5	614	734	450	575	1.56e-09	55.1
HPV11REF	MF588742	30.769	390	235	9	4	363	6	390	1.44e-47	168
HPV11REF	MF588742	30.769	390	235	9	378	737	6	390	1.44e-47	168
HPV11REF	NC_022373	45.641	195	104	2	1	193	1	195	1.66e-47	169
HPV11REF	NC_022373	45.641	195	104	2	375	567	1	195	1.66e-47	169
HPV11REF	NC_022373	32.911	79	51	1	276	352	353	431	1.90e-08	51.6
HPV11REF	NC_022373	32.911	79	51	1	650	726	353	431	1.90e-08	51.6
HPV11REF	M17463	42.079	202	116	1	1	201	1	202	1.71e-47	171
HPV11REF	M17463	42.079	202	116	1	375	575	1	202	1.71e-47	171
HPV11REF	M17463	28.244	131	81	4	236	360	386	509	1.78e-09	55.1
HPV11REF	M17463	28.244	131	81	4	610	734	386	509	1.78e-09	55.1
HPV11REF	KU519392	39.565	230	136	3	1	227	1	230	2.00e-47	169
HPV11REF	KU519392	39.565	230	136	3	375	601	1	230	2.00e-47	169
HPV11REF	KU519392	30.000	80	54	1	285	362	353	432	1.12e-07	48.9
HPV11REF	KU519392	30.000	80	54	1	659	736	353	432	1.12e-07	48.9
HPV11REF	KF006400	27.735	393	244	9	1	360	1	386	2.03e-47	167
HPV11REF	KF006400	27.735	393	244	9	375	734	1	386	2.03e-47	167
HPV11REF	GQ180114	31.915	376	228	10	1	352	3	374	2.07e-47	167
HPV11REF	GQ180114	31.915	376	228	10	375	726	3	374	2.07e-47	167
HPV11REF	KT945134	39.407	236	128	3	1	235	1	222	2.10e-47	171
HPV11REF	KT945134	39.407	236	128	3	375	609	1	222	2.10e-47	171
HPV11REF	KT945134	31.250	80	53	1	275	352	458	537	2.54e-08	51.2
HPV11REF	KT945134	31.250	80	53	1	649	726	458	537	2.54e-08	51.2
HPV11REF	NC_008298	43.350	203	114	1	1	202	1	203	2.30e-47	167
HPV11REF	NC_008298	43.350	203	114	1	375	576	1	203	2.30e-47	167
HPV11REF	NC_008298	27.907	86	60	1	281	364	303	388	1.90e-07	48.1
HPV11REF	NC_008298	27.907	86	60	1	655	738	303	388	1.90e-07	48.1
HPV11REF	MF588741	30.848	389	231	10	4	360	6	388	2.37e-47	167
HPV11REF	MF588741	30.848	389	231	10	378	734	6	388	2.37e-47	167
HPV11REF	KC858264	41.709	199	115	1	372	569	4	202	2.50e-47	169
HPV11REF	KC858264	41.538	195	113	1	2	195	8	202	2.56e-46	166
HPV11REF	KC858264	29.487	78	55	0	285	362	366	443	3.60e-10	57.0
HPV11REF	KC858264	29.487	78	55	0	659	736	366	443	3.60e-10	57.0
HPV11REF	JN709472	25.954	393	246	3	372	729	5	387	2.69e-47	167
HPV11REF	JN709472	26.154	390	243	3	1	355	8	387	3.37e-47	167
HPV11REF	NC_006563	40.455	220	130	1	1	219	1	220	3.04e-47	168
HPV11REF	NC_006563	40.455	220	130	1	375	593	1	220	3.04e-47	168
HPV11REF	NC_006563	37.662	77	46	1	281	355	345	421	1.20e-10	58.5
HPV11REF	NC_006563	37.662	77	46	1	655	729	345	421	1.20e-10	58.5
HPV11REF	KT272399	42.424	198	112	2	374	569	1	198	3.39e-47	169
HPV11REF	KT272399	42.640	197	111	2	1	195	2	198	4.20e-47	169
HPV11REF	KT272399	33.721	86	53	2	285	368	414	497	4.68e-11	60.1
HPV11REF	KT272399	33.721	86	53	2	659	742	414	497	4.68e-11	60.1
HPV11REF	HM999995	41.791	201	117	0	1	201	1	201	3.42e-47	169
HPV11REF	HM999995	41.791	201	117	0	375	575	1	201	3.42e-47	169
HPV11REF	HM999995	28.244	131	81	4	236	360	380	503	5.84e-10	56.6
HPV11REF	HM999995	28.244	131	81	4	610	734	380	503	5.84e-10	56.6
HPV11REF	MG571089	28.894	398	232	9	1	360	1	385	3.62e-47	167
HPV11REF	MG571089	28.894	398	232	9	375	734	1	385	3.62e-47	167
HPV11REF	MF588755	29.275	386	237	10	4	362	6	382	3.94e-47	166
HPV11REF	MF588755	29.275	386	237	10	378	736	6	382	3.94e-47	166
HPV11REF	KX781280	39.224	232	137	3	1	230	1	230	5.00e-47	167
HPV11REF	KX781280	39.224	232	137	3	375	604	1	230	5.00e-47	167
HPV11REF	MF588732	30.649	385	236	9	373	726	2	386	6.18e-47	166
HPV11REF	MF588732	30.628	382	234	9	2	352	5	386	1.02e-46	166
HPV11REF	MF588750	30.923	401	230	10	1	360	1	395	6.26e-47	166
HPV11REF	MF588750	30.923	401	230	10	375	734	1	395	6.26e-47	166
HPV11REF	AB331651	37.445	227	140	2	1	225	1	227	6.87e-47	167
HPV11REF	AB331651	37.445	227	140	2	375	599	1	227	6.87e-47	167
HPV11REF	AB331651	33.333	72	47	1	285	355	337	408	4.90e-09	53.1
HPV11REF	AB331651	33.333	72	47	1	659	729	337	408	4.90e-09	53.1
HPV11REF	MF588731	28.198	383	244	7	4	360	6	383	7.61e-47	166
HPV11REF	MF588731	28.198	383	244	7	378	734	6	383	7.61e-47	166
HPV11REF	KX098515	41.584	202	116	2	1	200	1	202	7.84e-47	166
HPV11REF	KX098515	41.584	202	116	2	375	574	1	202	7.84e-47	166
HPV11REF	KX098515	36.111	72	45	1	285	355	334	405	2.24e-09	54.3
HPV11REF	KX098515	36.111	72	45	1	659	729	334	405	2.24e-09	54.3
HPV11REF	FJ492742	41.038	212	121	3	374	582	1	211	8.32e-47	168
HPV11REF	FJ492742	41.232	211	120	3	1	208	2	211	9.72e-47	168
HPV11REF	FJ492742	32.099	81	53	1	284	362	421	501	4.47e-09	53.5
HPV11REF	FJ492742	32.099	81	53	1	658	736	421	501	4.47e-09	53.5
HPV11REF	MF588738	29.584	409	228	6	4	362	6	404	9.50e-47	166
HPV11REF	MF588738	29.584	409	228	6	378	736	6	404	9.50e-47	166
HPV11REF	JX429973	30.280	393	228	8	7	360	9	394	1.09e-46	166
HPV11REF	JX429973	30.280	393	228	8	381	734	9	394	1.09e-46	166
HPV11REF	KU519394	30.053	376	240	7	1	354	1	375	1.11e-46	165
HPV11REF	KU519394	30.053	376	240	7	375	728	1	375	1.11e-46	165
HPV11REF	JN171845	29.798	396	237	9	4	362	6	397	1.32e-46	165
HPV11REF	JN171845	29.798	396	237	9	378	736	6	397	1.32e-46	165
HPV11REF	NC_027528	39.271	247	143	5	1	241	1	246	1.90e-46	165
HPV11REF	NC_027528	39.271	247	143	5	375	615	1	246	1.90e-46	165
HPV11REF	NC_027528	28.571	77	54	1	285	360	337	413	1.70e-06	45.1
HPV11REF	NC_027528	28.571	77	54	1	659	734	337	413	1.70e-06	45.1
HPV11REF	MG571092	38.693	199	122	0	374	572	1	199	2.02e-46	166
HPV11REF	MG571092	38.889	198	121	0	1	198	2	199	2.48e-46	166
HPV11REF	MG571092	37.805	82	51	0	281	362	355	436	2.18e-11	60.8
HPV11REF	MG571092	37.805	82	51	0	655	736	355	436	2.18e-11	60.8
HPV11REF	KU519395	37.229	231	139	3	1	225	1	231	2.21e-46	165
HPV11REF	KU519395	37.229	231	139	3	375	599	1	231	2.21e-46	165
HPV11REF	KU519395	36.232	69	43	1	285	352	341	409	3.53e-08	50.4
HPV11REF	KU519395	36.232	69	43	1	659	726	341	409	3.53e-08	50.4
HPV11REF	HM999991	43.684	190	105	2	1	188	1	190	2.89e-46	164
HPV11REF	HM999991	43.684	190	105	2	375	562	1	190	2.89e-46	164
HPV11REF	HM999991	29.885	87	60	1	275	360	314	400	9.80e-09	52.4
HPV11REF	HM999991	29.885	87	60	1	649	734	314	400	9.80e-09	52.4
HPV11REF	U31785	40.796	201	119	0	1	201	1	201	3.13e-46	167
HPV11REF	U31785	40.796	201	119	0	375	575	1	201	3.13e-46	167
HPV11REF	U31785	30.769	78	52	1	285	360	427	504	3.21e-09	53.9
HPV11REF	U31785	30.769	78	52	1	659	734	427	504	3.21e-09	53.9
HPV11REF	MF588743	30.570	386	235	8	4	360	6	387	3.88e-46	164
HPV11REF	MF588743	30.570	386	235	8	378	734	6	387	3.88e-46	164
HPV11REF	JX413108	30.400	375	232	10	3	352	6	376	6.68e-46	163
HPV11REF	JX413108	30.400	375	232	10	377	726	6	376	6.68e-46	163
HPV11REF	MG571091	35.622	233	136	2	374	594	1	231	6.90e-46	164
HPV11REF	MG571091	35.776	232	135	2	1	220	2	231	8.80e-46	164
HPV11REF	MG571091	35.802	81	52	0	282	362	357	437	3.73e-11	60.1
HPV11REF	MG571091	35.802	81	52	0	656	736	357	437	3.73e-11	60.1
HPV11REF	MF588734	31.078	399	225	11	4	363	6	393	6.91e-46	163
HPV11REF	MF588734	31.078	399	225	11	378	737	6	393	6.91e-46	163
HPV11REF	KC858263	40.404	198	112	4	1	195	1	195	8.51e-46	164
HPV11REF	KC858263	40.404	198	112	4	375	569	1	195	8.51e-46	164
HPV11REF	KC858263	36.145	83	50	2	285	364	349	431	1.05e-10	58.5
HPV11REF	KC858263	36.145	83	50	2	659	738	349	431	1.05e-10	58.5
HPV11REF	U85660	41.089	202	118	1	1	201	1	202	8.57e-46	166
HPV11REF	U85660	41.089	202	118	1	375	575	1	202	8.57e-46	166
HPV11REF	U85660	27.132	129	89	3	234	360	381	506	1.53e-10	58.2
HPV11REF	U85660	27.132	129	89	3	608	734	381	506	1.53e-10	58.2
HPV11REF	NC_010739	37.555	229	139	2	372	596	5	233	9.42e-46	164
HPV11REF	NC_010739	37.333	225	137	2	2	222	9	233	1.17e-44	161
HPV11REF	NC_010739	42.391	92	51	1	275	364	350	441	1.02e-17	80.9
HPV11REF	NC_010739	42.391	92	51	1	649	738	350	441	1.02e-17	80.9
HPV11REF	MF588745	31.017	403	222	10	4	360	6	398	1.03e-45	163
HPV11REF	MF588745	31.017	403	222	10	378	734	6	398	1.03e-45	163
HPV11REF	MF588678	40.594	202	119	1	1	201	1	202	1.07e-45	165
HPV11REF	MF588678	40.594	202	119	1	375	575	1	202	1.07e-45	165
HPV11REF	MF588678	36.250	80	49	1	285	362	402	481	6.95e-11	59.3
HPV11REF	MF588678	36.250	80	49	1	659	736	402	481	6.95e-11	59.3
HPV11REF	MG571093	36.522	230	142	2	374	599	1	230	1.24e-45	164
HPV11REF	MG571093	36.681	229	141	2	1	225	2	230	1.61e-45	163
HPV11REF	MG571093	32.222	90	56	2	277	364	361	447	2.63e-12	63.9
HPV11REF	MG571093	32.222	90	56	2	651	738	361	447	2.63e-12	63.9
HPV11REF	AJ620208	39.604	202	120	2	1	200	7	208	1.27e-45	163
HPV11REF	AJ620208	39.604	202	120	2	375	574	7	208	1.27e-45	163
HPV11REF	AJ620208	37.500	72	44	1	285	355	354	425	3.23e-09	53.9
HPV11REF	AJ620208	37.500	72	44	1	659	729	354	425	3.23e-09	53.9
HPV11REF	KX954132	29.319	382	227	8	12	352	14	393	1.28e-45	163
HPV11REF	KX954132	29.319	382	227	8	386	726	14	393	1.28e-45	163
HPV11REF	MF588677	39.604	202	121	1	1	201	1	202	2.04e-45	164
HPV11REF	MF588677	39.604	202	121	1	375	575	1	202	2.04e-45	164
HPV11REF	MF588677	32.500	80	52	1	285	362	389	468	2.74e-11	60.5
HPV11REF	MF588677	32.500	80	52	1	659	736	389	468	2.74e-11	60.5
HPV11REF	NC_027779	31.139	395	235	7	373	734	5	395	3.03e-45	161
HPV11REF	NC_027779	31.122	392	233	7	2	360	8	395	5.65e-45	160
HPV11REF	GQ845446	39.604	202	121	1	1	201	1	202	3.43e-45	163
HPV11REF	GQ845446	39.604	202	121	1	375	575	1	202	3.43e-45	163
HPV11REF	GQ845446	36.250	80	49	1	285	362	399	478	3.35e-10	57.0
HPV11REF	GQ845446	36.250	80	49	1	659	736	399	478	3.35e-10	57.0
HPV11REF	NC_001457	29.238	407	237	12	1	363	1	400	4.53e-45	161
HPV11REF	NC_001457	29.238	407	237	12	375	737	1	400	4.53e-45	161
HPV11REF	MF327536	37.349	249	151	2	371	617	4	249	4.62e-45	162
HPV11REF	MF327536	37.295	244	148	2	2	243	9	249	7.71e-44	159
HPV11REF	MF327536	35.714	84	54	0	281	364	373	456	1.75e-12	64.3
HPV11REF	MF327536	35.714	84	54	0	655	738	373	456	1.75e-12	64.3
HPV11REF	MF588735	30.469	384	227	7	4	352	6	384	6.97e-45	160
HPV11REF	MF588735	30.469	384	227	7	378	726	6	384	6.97e-45	160
HPV11REF	MF588737	29.771	393	241	7	4	362	6	397	7.00e-45	160
HPV11REF	MF588737	29.771	393	241	7	378	736	6	397	7.00e-45	160
HPV11REF	JF304768	39.109	202	122	1	1	201	1	202	9.69e-45	162
HPV11REF	JF304768	39.109	202	122	1	375	575	1	202	9.69e-45	162
HPV11REF	JF304768	33.750	80	51	1	285	362	396	475	6.56e-10	56.2
HPV11REF	JF304768	33.750	80	51	1	659	736	396	475	6.56e-10	56.2
HPV11REF	X74466	37.600	250	152	3	1	246	1	250	1.84e-44	161
HPV11REF	X74466	37.600	250	152	3	375	620	1	250	1.84e-44	161
HPV11REF	X74466	32.051	78	51	1	285	360	412	489	3.46e-09	53.9
HPV11REF	X74466	32.051	78	51	1	659	734	412	489	3.46e-09	53.9
HPV11REF	JF834523	37.931	203	124	2	1	201	1	203	2.05e-44	159
HPV11REF	JF834523	37.931	203	124	2	375	575	1	203	2.05e-44	159
HPV11REF	JF834523	28.205	78	53	1	281	355	330	407	2.62e-05	41.2
HPV11REF	JF834523	28.205	78	53	1	655	729	330	407	2.62e-05	41.2
HPV11REF	NC_008582	30.871	379	233	8	1	352	1	377	2.69e-44	159
HPV11REF	NC_008582	30.871	379	233	8	375	726	1	377	2.69e-44	159
HPV11REF	KX082661	30.829	386	232	11	373	726	2	384	2.86e-44	159
HPV11REF	KX082661	30.809	383	230	11	2	352	5	384	4.31e-44	158
HPV11REF	JN709470	27.436	390	240	6	1	355	1	382	3.12e-44	158
HPV11REF	JN709470	27.436	390	240	6	375	729	1	382	3.12e-44	158
HPV11REF	NC_006564	42.211	199	111	3	374	569	1	198	3.14e-44	162
HPV11REF	NC_006564	42.424	198	110	3	1	195	2	198	3.45e-44	161
HPV11REF	NC_006564	25.698	179	123	5	189	364	360	531	4.21e-12	63.5
HPV11REF	NC_006564	25.698	179	123	5	563	738	360	531	4.21e-12	63.5
HPV11REF	AY904722	42.857	189	106	2	1	187	1	189	3.49e-44	158
HPV11REF	AY904722	42.857	189	106	2	375	561	1	189	3.49e-44	158
HPV11REF	AY904722	39.726	73	42	1	285	355	298	370	1.59e-06	45.1
HPV11REF	AY904722	39.726	73	42	1	659	729	298	370	1.59e-06	45.1
HPV11REF	JF966373	29.353	402	234	9	4	362	6	400	3.99e-44	158
HPV11REF	JF966373	29.353	402	234	9	378	736	6	400	3.99e-44	158
HPV11REF	JQ692938	39.487	195	116	2	2	194	6	200	5.06e-44	157
HPV11REF	JQ692938	39.487	195	116	2	376	568	6	200	5.06e-44	157
HPV11REF	KF006399	32.391	389	227	11	4	360	6	390	5.38e-44	158
HPV11REF	KF006399	32.391	389	227	11	378	734	6	390	5.38e-44	158
HPV11REF	MF588740	30.280	393	230	9	4	360	6	390	5.93e-44	157
HPV11REF	MF588740	30.280	393	230	9	378	734	6	390	5.93e-44	157
HPV11REF	JQ798171	36.232	207	130	1	1	205	1	207	6.55e-44	158
HPV11REF	JQ798171	36.232	207	130	1	375	579	1	207	6.55e-44	158
HPV11REF	JQ798171	30.435	69	46	1	289	355	333	401	7.38e-08	49.7
HPV11REF	JQ798171	30.435	69	46	1	663	729	333	401	7.38e-08	49.7
HPV11REF	KF482069	30.179	391	231	10	4	360	6	388	8.14e-44	157
HPV11REF	KF482069	30.179	391	231	10	378	734	6	388	8.14e-44	157
HPV11REF	MF327535	38.000	200	123	1	374	572	1	200	1.12e-43	159
HPV11REF	MF327535	38.191	199	122	1	1	198	2	200	1.33e-43	158
HPV11REF	MF327535	43.038	79	44	1	282	360	384	461	8.43e-14	68.6
HPV11REF	MF327535	43.038	79	44	1	656	734	384	461	8.43e-14	68.6
HPV11REF	JX413106	29.008	393	243	8	373	734	3	390	1.30e-43	157
HPV11REF	JX413106	28.974	390	241	8	2	360	6	390	2.45e-43	156
HPV11REF	EF028290	36.634	202	127	1	1	201	1	202	1.34e-43	159
HPV11REF	EF028290	36.634	202	127	1	375	575	1	202	1.34e-43	159
HPV11REF	EF028290	27.679	112	77	3	256	364	393	503	6.70e-09	53.1
HPV11REF	EF028290	27.679	112	77	3	630	738	393	503	6.70e-09	53.1
HPV11REF	KP757765	38.835	206	125	1	1	205	1	206	1.56e-43	160
HPV11REF	KP757765	38.835	206	125	1	375	579	1	206	1.56e-43	160
HPV11REF	KP757765	25.134	187	120	6	194	362	374	558	3.08e-07	47.8
HPV11REF	KP757765	25.134	187	120	6	568	736	374	558	3.08e-07	47.8
HPV11REF	NC_008032	40.212	189	112	1	1	188	1	189	2.05e-43	159
HPV11REF	NC_008032	40.212	189	112	1	375	562	1	189	2.05e-43	159
HPV11REF	NC_008032	27.222	180	111	7	195	355	335	513	6.86e-07	46.6
HPV11REF	NC_008032	27.222	180	111	7	569	729	335	513	6.86e-07	46.6
HPV11REF	NC_011051	37.561	205	127	1	1	204	1	205	4.49e-43	155
HPV11REF	NC_011051	37.561	205	127	1	375	578	1	205	4.49e-43	155
HPV11REF	NC_011051	32.836	67	43	1	291	355	330	396	1.21e-08	52.0
HPV11REF	NC_011051	32.836	67	43	1	665	729	330	396	1.21e-08	52.0
HPV11REF	KT698168	28.646	384	236	9	1	352	1	378	4.67e-43	155
HPV11REF	KT698168	28.646	384	236	9	375	726	1	378	4.67e-43	155
HPV11REF	KY853656	41.441	222	122	4	1	216	1	220	7.13e-43	156
HPV11REF	KY853656	41.441	222	122	4	375	590	1	220	7.13e-43	156
HPV11REF	KY853656	29.545	88	53	3	283	364	380	464	2.61e-06	44.7
HPV11REF	KY853656	29.545	88	53	3	657	738	380	464	2.61e-06	44.7
HPV11REF	JX141478	41.361	191	108	3	1	188	1	190	7.52e-43	157
HPV11REF	JX141478	41.361	191	108	3	375	562	1	190	7.52e-43	157
HPV11REF	JX141478	31.818	88	58	2	279	364	414	501	8.40e-07	46.2
HPV11REF	JX141478	31.818	88	58	2	653	738	414	501	8.40e-07	46.2
HPV11REF	X70829	26.866	402	253	8	1	363	1	400	8.39e-43	154
HPV11REF	X70829	26.866	402	253	8	375	737	1	400	8.39e-43	154
HPV11REF	KC311731	31.152	382	228	8	4	352	6	385	1.01e-42	154
HPV11REF	KC311731	31.152	382	228	8	378	726	6	385	1.01e-42	154
HPV11REF	NC_008519	30.053	376	247	9	1	364	1	372	1.36e-42	153
HPV11REF	NC_008519	30.053	376	247	9	375	738	1	372	1.36e-42	153
HPV11REF	NC_003348	41.379	203	118	1	1	202	1	203	1.51e-42	154
HPV11REF	NC_003348	41.379	203	118	1	375	576	1	203	1.51e-42	154
HPV11REF	HQ625441	40.887	203	119	1	1	202	1	203	1.61e-42	157
HPV11REF	HQ625441	40.887	203	119	1	375	576	1	203	1.61e-42	157
HPV11REF	HQ625441	36.232	69	42	1	286	352	467	535	1.20e-09	55.5
HPV11REF	HQ625441	36.232	69	42	1	660	726	467	535	1.20e-09	55.5
HPV11REF	JX444073	29.412	391	244	9	373	736	7	392	2.09e-42	153
HPV11REF	JX444073	29.381	388	242	9	2	362	10	392	3.85e-42	152
HPV11REF	MF588739	40.594	202	116	3	4	202	6	206	2.78e-42	153
HPV11REF	MF588739	40.594	202	116	3	378	576	6	206	2.78e-42	153
HPV11REF	AJ620210	27.000	400	220	9	1	346	1	382	3.41e-42	153
HPV11REF	AJ620210	27.000	400	220	9	375	720	1	382	3.41e-42	153
HPV11REF	KC858265	39.394	198	114	4	1	195	1	195	6.18e-42	153
HPV11REF	KC858265	39.394	198	114	4	375	569	1	195	6.18e-42	153
HPV11REF	KC858265	33.735	83	52	2	285	364	361	443	7.56e-09	52.8
HPV11REF	KC858265	33.735	83	52	2	659	738	361	443	7.56e-09	52.8
HPV11REF	KX599536	39.024	205	121	3	374	575	1	204	9.57e-42	154
HPV11REF	KX599536	39.216	204	120	3	1	201	2	204	1.09e-41	153
HPV11REF	KX599536	25.610	164	103	4	211	362	331	487	1.02e-11	62.0
HPV11REF	KX599536	25.610	164	103	4	585	736	331	487	1.02e-11	62.0
HPV11REF	NC_023882	26.988	415	240	8	1	355	1	412	1.86e-41	151
HPV11REF	NC_023882	26.988	415	240	8	375	729	1	412	1.86e-41	151
HPV11REF	HG939559	28.141	398	238	11	1	352	1	396	1.93e-41	151
HPV11REF	HG939559	28.141	398	238	11	375	726	1	396	1.93e-41	151
HPV11REF	KX781285	29.750	400	242	8	4	368	6	401	2.31e-41	150
HPV11REF	KX781285	29.750	400	242	8	378	742	6	401	2.31e-41	150
HPV11REF	GU117622	25.845	414	242	10	1	352	8	418	6.20e-41	150
HPV11REF	GU117622	25.845	414	242	10	375	726	8	418	6.20e-41	150
HPV11REF	AF443292	26.932	427	233	12	1	366	3	411	7.50e-41	149
HPV11REF	AF443292	26.932	427	233	12	375	740	3	411	7.50e-41	149
HPV11REF	MF588689	28.796	382	239	8	4	360	6	379	7.73e-41	149
HPV11REF	MF588689	28.796	382	239	8	378	734	6	379	7.73e-41	149
HPV11REF	MG905161	36.765	204	122	2	371	573	1	198	9.53e-41	149
HPV11REF	MG905161	37.000	200	119	2	1	199	5	198	2.61e-40	148
HPV11REF	MG905161	34.940	83	46	3	285	364	334	411	9.21e-07	46.2
HPV11REF	MG905161	34.940	83	46	3	659	738	334	411	9.21e-07	46.2
HPV11REF	NC_001524	27.764	407	245	11	1	359	3	408	1.71e-40	148
HPV11REF	NC_001524	27.764	407	245	11	375	733	3	408	1.71e-40	148
HPV11REF	X05817	39.806	206	120	4	1	204	1	204	4.18e-40	147
HPV11REF	X05817	39.806	206	120	4	375	578	1	204	4.18e-40	147
HPV11REF	X05817	38.889	72	43	1	285	355	327	398	3.85e-11	60.1
HPV11REF	X05817	38.889	72	43	1	659	729	327	398	3.85e-11	60.1
HPV11REF	JN709471	38.144	194	119	1	1	193	1	194	5.01e-40	146
HPV11REF	JN709471	38.144	194	119	1	375	567	1	194	5.01e-40	146
HPV11REF	JN709471	29.167	72	51	0	285	356	317	388	8.55e-09	52.4
HPV11REF	JN709471	29.167	72	51	0	659	730	317	388	8.55e-09	52.4
HPV11REF	U83595	28.462	390	241	6	3	355	2	390	8.34e-40	146
HPV11REF	U83595	28.462	390	241	6	377	729	2	390	8.34e-40	146
HPV11REF	NC_004195	27.020	396	242	8	3	352	2	396	1.12e-39	146
HPV11REF	NC_004195	27.020	396	242	8	377	726	2	396	1.12e-39	146
HPV11REF	KU350625	26.884	398	244	6	1	352	1	397	1.47e-39	145
HPV11REF	KU350625	26.884	398	244	6	375	726	1	397	1.47e-39	145
HPV11REF	DQ098913	27.543	403	232	8	3	352	2	397	2.81e-39	145
HPV11REF	DQ098913	27.543	403	232	8	377	726	2	397	2.81e-39	145
HPV11REF	NC_001523	26.716	408	243	8	1	355	1	405	2.88e-39	145
HPV11REF	NC_001523	26.716	408	243	8	375	729	1	405	2.88e-39	145
HPV11REF	NC_015268	39.037	187	113	1	1	186	1	187	2.94e-39	145
HPV11REF	NC_015268	39.037	187	113	1	375	560	1	187	2.94e-39	145
HPV11REF	NC_015268	30.986	71	45	2	285	352	341	410	1.07e-06	45.8
HPV11REF	NC_015268	30.986	71	45	2	659	726	341	410	1.07e-06	45.8
HPV11REF	KX812447	37.143	175	109	1	1	174	1	175	3.63e-39	137
HPV11REF	KX812447	37.143	175	109	1	375	548	1	175	3.63e-39	137
HPV11REF	NC_021472	36.406	217	132	4	1	214	1	214	5.39e-38	142
HPV11REF	NC_021472	36.406	217	132	4	375	588	1	214	5.39e-38	142
HPV11REF	NC_021472	28.169	71	49	1	284	352	358	428	1.79e-06	45.1
HPV11REF	NC_021472	28.169	71	49	1	658	726	358	428	1.79e-06	45.1
HPV11REF	MG571094	39.267	191	114	2	374	562	1	191	9.23e-38	142
HPV11REF	MG571094	39.474	190	113	2	1	188	2	191	1.07e-37	142
HPV11REF	MG571094	30.488	82	55	1	283	362	443	524	8.21e-09	52.8
HPV11REF	MG571094	30.488	82	55	1	657	736	443	524	8.21e-09	52.8
HPV11REF	EU240895	37.563	197	122	1	372	567	5	201	1.03e-37	140
HPV11REF	EU240895	38.144	194	119	1	1	193	8	201	1.33e-37	140
HPV11REF	EU240895	36.620	71	45	0	285	355	336	406	1.28e-10	58.2
HPV11REF	EU240895	36.620	71	45	0	659	729	336	406	1.28e-10	58.2
HPV11REF	GU117620	37.629	194	119	2	1	192	1	194	1.23e-37	140
HPV11REF	GU117620	37.629	194	119	2	375	566	1	194	1.23e-37	140
HPV11REF	GU117620	34.940	83	52	1	282	364	320	400	1.89e-12	63.9
HPV11REF	GU117620	34.940	83	52	1	656	738	320	400	1.89e-12	63.9
HPV11REF	NC_014143	39.011	182	110	1	1	181	1	182	1.31e-37	140
HPV11REF	NC_014143	39.011	182	110	1	375	555	1	182	1.31e-37	140
HPV11REF	NC_014143	34.667	75	48	1	278	352	368	441	1.27e-09	55.5
HPV11REF	NC_014143	34.667	75	48	1	652	726	368	441	1.27e-09	55.5
HPV11REF	NC_011109	35.714	210	134	1	1	209	1	210	3.57e-37	138
HPV11REF	NC_011109	35.714	210	134	1	375	583	1	210	3.57e-37	138
HPV11REF	MF588733	37.374	198	121	3	373	567	2	199	4.45e-37	138
HPV11REF	MF588733	37.436	195	119	3	2	193	5	199	5.49e-37	138
HPV11REF	KM983393	36.453	203	125	3	1	200	1	202	7.50e-37	137
HPV11REF	KM983393	36.453	203	125	3	375	574	1	202	7.50e-37	137
HPV11REF	KM983393	31.944	72	48	1	285	355	323	394	4.09e-08	50.4
HPV11REF	KM983393	31.944	72	48	1	659	729	323	394	4.09e-08	50.4
HPV11REF	NC_001789	37.838	185	114	1	3	186	2	186	2.46e-36	136
HPV11REF	NC_001789	37.838	185	114	1	377	560	2	186	2.46e-36	136
HPV11REF	NC_001789	31.169	77	51	1	281	355	316	392	2.94e-06	44.3
HPV11REF	NC_001789	31.169	77	51	1	655	729	316	392	2.94e-06	44.3
HPV11REF	KP276343	36.702	188	116	2	1	186	1	187	4.74e-36	135
HPV11REF	KP276343	36.702	188	116	2	375	560	1	187	4.74e-36	135
HPV11REF	KP276343	28.788	66	45	1	289	352	334	399	1.75e-06	45.1
HPV11REF	KP276343	28.788	66	45	1	663	726	334	399	1.75e-06	45.1
HPV11REF	NC_020084	37.433	187	116	1	1	186	1	187	7.41e-36	135
HPV11REF	NC_020084	37.433	187	116	1	375	560	1	187	7.41e-36	135
HPV11REF	NC_020084	30.597	134	76	5	225	352	297	419	1.45e-05	42.4
HPV11REF	NC_020084	30.597	134	76	5	599	726	297	419	1.45e-05	42.4
HPV11REF	KF791917	27.937	383	241	8	4	360	6	379	1.31e-35	133
HPV11REF	KF791917	27.937	383	241	8	378	734	6	379	1.31e-35	133
HPV11REF	NC_020085	32.189	233	156	2	1	232	1	232	1.89e-35	134
HPV11REF	NC_020085	32.189	233	156	2	375	606	1	232	1.89e-35	134
HPV11REF	KX954121	37.297	185	115	1	3	186	2	186	2.23e-35	133
HPV11REF	KX954121	37.297	185	115	1	377	560	2	186	2.23e-35	133
HPV11REF	KX954121	33.333	69	44	1	289	355	324	392	5.55e-07	46.6
HPV11REF	KX954121	33.333	69	44	1	663	729	324	392	5.55e-07	46.6
HPV11REF	NC_011280	38.503	187	113	2	1	186	1	186	3.96e-35	133
HPV11REF	NC_011280	38.503	187	113	2	375	560	1	186	3.96e-35	133
HPV11REF	NC_011280	31.429	70	46	1	285	352	337	406	6.47e-09	52.8
HPV11REF	NC_011280	31.429	70	46	1	659	726	337	406	6.47e-09	52.8
HPV11REF	NC_015267	31.250	304	192	6	1	296	1	295	1.64e-34	131
HPV11REF	NC_015267	31.250	304	192	6	375	670	1	295	1.64e-34	131
HPV11REF	KT852571	26.650	409	247	9	3	358	2	410	3.32e-34	130
HPV11REF	KT852571	26.650	409	247	9	377	732	2	410	3.32e-34	130
HPV11REF	MF168943	26.173	405	241	14	1	351	3	403	5.58e-30	117
HPV11REF	MF168943	26.173	405	241	14	375	725	3	403	5.58e-30	117
HPV11REF	NC_023894	24.346	382	246	12	1	348	3	375	1.40e-29	116
HPV11REF	NC_023894	24.346	382	246	12	375	722	3	375	1.40e-29	116
HPV11REF	NC_013117	26.849	365	238	14	2	356	6	351	2.36e-26	105
HPV11REF	NC_013117	26.849	365	238	14	376	730	6	351	2.36e-26	105
HPV11REF	NC_003973	24.332	374	254	11	1	356	1	363	1.15e-23	98.2
HPV11REF	NC_003973	24.332	374	254	11	375	730	1	363	1.15e-23	98.2
HPV11REF	NC_024300	32.044	181	120	3	1	178	1	181	2.33e-21	91.7
HPV11REF	NC_024300	32.044	181	120	3	375	552	1	181	2.33e-21	91.7
HPV11REF	NC_011530	28.283	198	124	4	7	187	6	202	6.93e-21	90.1
HPV11REF	NC_011530	28.283	198	124	4	381	561	6	202	6.93e-21	90.1
HPV11REF	EU493091	23.399	406	238	15	6	351	6	398	4.50e-20	87.8
HPV11REF	EU493091	23.399	406	238	15	380	725	6	398	4.50e-20	87.8
HPV11REF	NC_004068	24.668	377	220	15	17	345	18	378	1.24e-18	83.2
HPV11REF	NC_004068	24.668	377	220	15	391	719	18	378	1.24e-18	83.2
HPV11REF	MF564196	24.165	389	251	16	1	351	1	383	6.03e-14	68.6
HPV11REF	MF564196	24.165	389	251	16	375	725	1	383	6.03e-14	68.6
HPV11REF	MF588702	40.580	69	40	1	285	352	325	393	1.45e-10	58.2
HPV11REF	MF588702	40.580	69	40	1	659	726	325	393	1.45e-10	58.2
HPV11REF	MG921180	39.130	69	41	1	285	352	325	393	8.36e-10	55.8
HPV11REF	MG921180	39.130	69	41	1	659	726	325	393	8.36e-10	55.8
HPV11REF	MF588727	31.646	79	53	1	275	352	314	392	1.58e-07	48.5
HPV11REF	MF588727	31.646	79	53	1	649	726	314	392	1.58e-07	48.5
